435fw/HST/hst_10086_7d_acs_wfc_f435w_j8wc7d/hst_10086_7d_acs_wfc_f435w_j8wc7d_segment-cat.ecsv
# %ECSV 1.0
# ---
# datatype:
# - {name: X-Centroid, unit: pix, datatype: float64, format: 10.3f, description: Pixel Coordinate}
# - {name: Y-Centroid, unit: pix, datatype: float64, format: 10.3f, description: Pixel Coordinate}
# - {name: RA, unit: deg, datatype: float64, format: 13.7f, description: Sky coordinate at epoch of observation}
# - {name: DEC, unit: deg, datatype: float64, format: 13.7f, description: Sky coordinate at epoch of observation}
# - {name: ID, unit: '', datatype: int32, format: 7d, description: Catalog Object Identification Number}
# - {name: CI, unit: mag(AB), datatype: float64, format: 7.3f, description: Concentration Index}
# - {name: Flags, unit: '', datatype: int32, format: 5d, description: Numeric encoding for conditions on detected sources}
# - {name: MagAp1, unit: mag(AB), datatype: float64, format: 7.3f, description: ABMAG of source based on the inner (smaller) aperture}
# - {name: MagErrAp1, unit: mag(AB), datatype: float64, format: 7.3f, description: Error of MagAp1}
# - {name: FluxAp1, unit: electron / s, datatype: float64, format: 10.4f, description: Flux of source based on the inner (smaller) aperture}
# - {name: FluxErrAp1, unit: electron / s, datatype: float64, format: 10.4f, description: Error of FluxAp1}
# - {name: MagAp2, unit: mag(AB), datatype: float64, format: 7.3f, description: ABMAG of source based on the outer (larger) aperture}
# - {name: MagErrAp2, unit: mag(AB), datatype: float64, format: 7.3f, description: Error of MagAp2}
# - {name: FluxAp2, unit: electron / s, datatype: float64, format: 10.4f, description: Flux of source based on the outer (larger) aperture}
# - {name: FluxErrAp2, unit: electron / s, datatype: float64, format: 10.4f, description: Error of FluxAp2}
# - {name: MSkyAp2, unit: electron / (pix s), datatype: float64, format: 7.3f, description: Sky estimate from an annulus outside Aperture
#     2}
# - {name: Bck, unit: electron / s, datatype: float32, format: 10.4f, description: Background at the position of the source centroid}
# - {name: Area, unit: pix2, datatype: float64, format: 8.3f, description: Total unmasked area of the source segment}
# - {name: FWHM, unit: pix, datatype: float64, format: 8.3f, description: Circularized FWHM of 2D Gaussian function having the same second-order
#     central moments as the source}
# - {name: MagSegment, unit: mag(AB), datatype: float64, format: 7.3f, description: Magnitude corresponding to FluxSegment}
# - {name: FluxSegment, unit: electron / s, datatype: float64, format: 10.4f, description: Sum of unmasked data values in the source segment}
# - {name: FluxSegmentErr, unit: electron / s, datatype: float32, format: 10.4f, description: 'Uncertainty of FluxSegment, propagated
#     from the input error array'}
# - {name: KronRadius, unit: pix, datatype: float64, format: 8.4f, description: The unscaled first-moment Kron radius}
# - {name: Xmin, unit: pix, datatype: int64, format: 8.0f, description: Minimum X pixel within the minimal bounding box containing the
#     source segment}
# - {name: Ymin, unit: pix, datatype: int64, format: 8.0f, description: Minimum Y pixel within the minimal bounding box containing the
#     source segment}
# - {name: Xmax, unit: pix, datatype: int64, format: 8.0f, description: Maximum X pixel within the minimal bounding box containing the
[...]
# - h10.5: [' ']
# - h11: ['The X and Y coordinates in this table are 0-indexed (i.e. the origin is (0,0)).']
# - h12: [RA and Dec values in this table are in sky coordinates (i.e. coordinates at the epoch of observation]
# - h12.1: [and an undistorted not aligned).]
# - h13: [Magnitude values in this table are in the ABMAG system.]
# - h14: ['Column titles in this table ending with Ap1 refer to the inner photometric aperture ']
# - h14.1: ['(radius = 1.000000000000064 pixels, 0.05 arcsec.']
# - h15: ['Column titles in this table ending with Ap2 refer to the outer photometric aperture ']
# - h15.1: ['(radius = 3.000000000000192 pixels, 0.15 arcsec.']
# - h16: [CI = Concentration Index (CI) = MagAp1 - MagAp2.]
# - h17: ['Flag Value Identification:']
# - h17.1: ['    0 - Stellar Source (0.9 < CI < 1.23)']
# - h17.2: ['    1 - Extended Source (CI > 1.23)']
# - h17.3: ['    2 - Questionable Photometry (Single-Pixel Saturation)']
# - h17.4: ['    4 - Questionable Photometry (Multi-Pixel Saturation)']
# - h17.5: ['    8 - Faint Detection Limit']
# - h17.6: ['   16 - Hot pixels (CI < 0.9)']
# - h17.7: ['   32 - False Detection Swarm Around Saturated Source']
# - h17.8: ['   64 - False Detections Near Image Edge']
# - h17.9: ['  128 - Bleeding and Cosmic Rays']
# - h18: ['#=================================================================================================']
# schema: astropy-2.0
X-Centroid Y-Centroid RA DEC ID CI Flags MagAp1 MagErrAp1 FluxAp1 FluxErrAp1 MagAp2 MagErrAp2 FluxAp2 FluxErrAp2 MSkyAp2 Bck Area FWHM MagSegment FluxSegment FluxSegmentErr KronRadius Xmin Ymin Xmax Ymax X2 Y2 XY CXX CYY CXY Elongation Ellipticity Theta
[from data line 813]
3527.274147283754 3098.3386935700323 53.15383932845738 -27.79042148384588 814 2.3575465484767477 1 30.49878293445379 0.4720388872547695 0.011811795243000967 0.0051355132016094275 28.14123638597704 0.16822168842667332 0.10359398253471208 0.0160511694324699 0.01895483300934747 0.01452703 99.0 8.051606782479835 25.775209901968513 0.915682939812541 0.9571748 3.8716963495743273 3520 3092 3533 3104 14.458520039033504 8.923372579827388 -5.2641893096670715 0.08808242493251589 0.1427197502491912 0.10392540612896206 1.752415668394694 0.429359130921231 -31.133740002696133
4180.544624592402 3095.2539993822315 53.1435831644201 -27.79046331293209 815 1.7165075209115699 1 29.512883861158937 0.15606467813161973 0.02928704396742185 0.0042098858710530405 27.796376340247367 0.10033460523398852 0.14232413322148652 0.013152837544485067 0.016483211813836683 0.01452703 15.0 2.9628004853549723 27.746512655732662 0.149012953042984 0.3861202 3.8352405839751165 4179 3093 4182 3099 0.7657816629510642 2.400279947848671 0.06170709451770026 1.3085660529969374 0.4174829227913386 -0.06728199282530267 1.7739831100913879 0.4362967751432062 87.84101328738618
4986.419044981687 3095.4349496343716 53.13093116774646 -27.790458505769386 816 1.3830992083828022 1 28.515251712441984 0.0940442342078481 0.07340546577069834 0.006358442309179084 27.13215250405918 0.08217320267558947 0.2624025686620768 0.019860421347760997 0.017013217353991965 0.01452703 22.0 2.9278737776365396 26.96052376194773 0.30734034813940525 0.55448323 3.798682128750954 4984 3093 4989 3098 1.6503284833028575 1.4415274378474596 -0.5113252785696949 0.6807556258229223 0.779361092940303 0.48294267715301953 1.420997173124634 0.2962688322587598 -39.23008510366133
2976.8321482157357 3096.034897391947 53.162481108309336 -27.790453747483284 817 1.592947297653879 1 29.10925873706837 0.10542287662766112 0.04247423727543738 0.004124303468861047 27.51631143941449 0.07592620832777795 0.18420631211782318 0.012882091580684839 0.015532703315084044 0.01452703 16.0 2.6515245989643943 27.651532436225853 0.16263578459620476 0.4033816 3.8499258548422186 2975 3094 2979 3098 1.0887964542122344 1.4469502443582534 0.5103830294951189 1.100389704823029 0.8280176969003787 -0.7762813315283071 1.577348394787917 0.3660246504169071 54.66716089592043
1367.0203056565836 3095.5266954368976 53.18775469526457 -27.790458499866773 818 0.7389944887189088 8 29.97990017119668 0.26140194980760945 0.019048861106441814 0.004586358510489294 29.24090568247777 0.4135403022706712 0.03762415983144152 0.014330944486851217 0.0184079320980522 0.01452703 6.0 1.5752848336781111 28.731973283348086 0.06012287922203541 0.24526155 3.9373197824053343 1366 3095 1368 3096 0.6457326279702091 0.24928735364885524 0.026788806027987968 1.5555634961872744 4.0293985622007815 -0.3343265364538162 1.617546385215748 0.38177970712931353 3.8483044968970996
1378.0046041892851 3096.1989246307326 53.18758224277248 -27.79044919466636 819 1.6302979147828722 9 30.492771983775572 0.45480428833654735 0.011877370122189056 0.004975480211598013 28.8624740689927 0.31668542041522957 0.05331377761086997 0.015550977320274854 0.018490774678610447 0.01452703 6.0 2.018951813047372 28.854515133065522 0.05370602756738663 0.23181108 4.009437428897337 1377 3095 1379 3098 0.31595511160154194 1.1542111596204012 0.15477017378433836 3.3875142422492592 0.9273021071930027 -0.9084753055797288 2.024739342836429 0.5061092660949068 79.8662363180731
1439.910370037935 3098.4405295876404 53.18661033317756 -27.790418233751474 820 1.997900359808817 9 31.107423435638065 0.6860462157499514 0.00674310169405138 0.004260918669633449 29.109523075829248 0.340363076368912 0.04246389754415647 0.013312280374636993 0.019283257722601192 0.01452703 14.0 4.132826836902213 27.948604463434233 0.12370501272380352 0.35181788 3.9408013176826406 1438 3095 1443 3101 2.178457757770844 3.981942999403557 1.0378546468914307 0.5241224595059316 0.28673907137888593 -0.2732148251343002 1.616307354686103 0.3813057911908059 65.49291307658314
5455.4650083627075 3098.008335075503 53.1235672948581 -27.790420898614105 821 1.2803800504075227 1 28.72516203971158 0.06633498072498487 0.06050123888192428 0.0036965538501152733 27.444781989304058 0.06374607518025482 0.19675070080328805 0.01155207236361262 0.015967505371631822 0.01452703 14.0 2.255867477751852 27.524802568897062 0.182771323248744 0.42760044 3.768940150879544 5454 3096 5457 3100 0.9273886792488881 0.9080577525852224 0.11288361843624768 1.0948636403118641 1.1181713304640897 -0.2722121342190433 1.1321144086982653 0.11669704729769659 42.55304248890679
3509.298424196369 3097.8594346162326 53.154121541586 -27.790428157413853 822 1.160939411554395 0 29.16457040098803 0.0997190550174405 0.04036462510786746 0.0037073982425069496 28.003630989433635 0.10697080842564781 0.11759170513555628 0.011585962754444925 0.01624369773733085 0.01452703 7.0 1.7044797936348741 28.332601528911457 0.08685372956097126 0.29476964 3.762285932527555 3508 3097 3510 3099 0.41577083293409184 0.6320771019599927 0.13927557382452127 2.5968492555235834 1.7081684728418711 -1.1444099749138528 1.419378902954332 0.29546649036520545 63.915394753395965
1401.0005369913822 3099.268191710065 53.18722120354365 -27.790406630827025 823 1.322118282718968 9 30.269362226725217 0.5280896552487695 0.01459097095585455 0.007097117824281143 28.94724394400625 0.4884752104243555 0.04930960301059595 0.022185243351333043 0.0187568171078275 0.01452703 7.0 1.6828149998319837 28.802737206182105 0.05632928013801575 0.23741248 3.917511259994327 1400 3098 1402 3100 0.540266846375094 0.4811130290259181 0.002268210359362482 1.8509738291051607 2.0785547949058034 -0.017452855195318306 1.059875133620005 0.05649262985867165 2.1926734933563727
1433.2929485542038 3101.469012827931 53.18671421536677 -27.790376153374932 824 0.9632613566542361 8 30.645694150645372 0.4867253094100677 0.010316952319011988 0.004625146734493898 29.682432793991136 0.6263055307406403 0.025052782387325223 0.014452147158168453 0.019127971044528604 0.01452703 6.0 1.9977717006741493 28.813717417023927 0.055762484669685364 0.23620506 3.9842908498067833 1432 3101 1435 3102 1.1904422801946546 0.24903979516716057 0.16182463953423198 0.921413090556696 4.40447318785844 -1.1974579495728868 2.3418315484603145 0.5729838037849175 9.486351685771467
2232.5511588192244 3112.377801395375 53.17416608300184 -27.790226268089008 825 2.193037568318431 1 29.70448145269572 0.20568450146299483 0.024549152433908768 0.004650806097179322 27.51144388437729 0.08532669500998494 0.18503399682962085 0.014542082908685248 0.01636909610048557 0.01452703 51.0 6.311337106324916 26.373325558139246 0.5278358217328787 0.72670054 3.8294460889698683 2226 3109 2238 3116 11.273201656654553 3.0935076032372177 -3.8788164038364608 0.15601304896927626 0.5685347468548978 0.3912361313877564 2.879014008624222 0.6526588627202046 -21.741507768740952
3444.5147152712784 3112.647496111978 53.155138640891174 -27.79022282488146 826 1.9414663024764849 1 29.13625719322356 0.09736658844907667 0.04143107542131256 0.0037155774795519896 27.194790890747075 0.05088957271164917 0.24769242630696287 0.01160998594332964 0.01625840401486732 0.01452703 39.0 4.62592040015949 26.584618728712304 0.43449180759489536 0.65930957 3.785482060205911 3440 3109 3448 3116 4.716890385171744 3.0012177413465158 -2.441542539678424 0.36621272987365733 0.5755614731550761 0.5958407790546669 2.2520071528360672 0.5559516768227627 -35.32053370988622
433.6039305004056 3113.838795070084 53.20240896884576 -27.790200722052386 827 2.0329445091004317 1 29.946803834279297 0.2893575865871603 0.019638465493026815 0.005233986349210155 27.913859325178866 0.13899761661639748 0.1277277769700328 0.016352451482495475 0.01802145337470535 0.01452703 57.0 7.371327011379399 26.384649964872008 0.5223590191453695 0.7229435 3.8706537157812853 427 3111 442 3118 16.772837276387957 2.8248987573923823 4.174042602763852 0.09429236077272957 0.5598609222750917 -0.2786509286045067 3.2751638178026825 0.6946717612827981 15.450629402490524
1564.1342946527332 3113.542222794126 53.184660011032435 -27.79020881363273 828 1.9898055915512458 1 29.150667903959427 0.10630924779839795 0.04088480418588736 0.004003346025040506 27.16086231240818 0.053151105111089746 0.25555486833147584 0.012510844310893407 0.01599346251188688 0.01452703 30.0 3.9725918230685626 26.780000459448882 0.36293504014611244 0.60256684 3.7729356578227513 1561 3111 1567 3117 2.7702574391036747 2.921710383647349 1.924866776306858 0.6657230109062703 0.6312138717333559 -0.877176679172946 2.27803058955328 0.5610243319006093 46.126460012710595
3520.2597245257043 3115.6419178629963 53.1539494716377 -27.790181168066603 829 2.225738111489015 1 29.827992767504366 0.2155876210624674 0.021909475284621338 0.004350567979495661 27.60225465601535 0.08675785966110204 0.1701873285846992 0.01359960244031426 0.017831156679011625 0.01452703 36.0 4.365215828570736 26.81404087006108 0.3517326917499304 0.59322405 3.8736786298533343 3517 3112 3524 3120 2.5003538265184324 4.372324070912818 -1.10701519349173 0.4504358260311197 0.2575858794892054 0.2280889042176353 1.568248151346172 0.3623458129750653 -65.1073167844457
1105.2610414885278 3116.6472995307013 53.19186416102152 -27.79016434859068 830 1.503703997283182 1 29.438932536410295 0.13637050663671982 0.03135133719782342 0.00393791815179683 27.935228539127113 0.10664260068091287 0.125238445395142 0.012301513790340278 0.015296814710659495 0.01452703 8.0 1.91555253301951 28.41421370979042 0.08056447841227055 0.2839101 3.8070352502556744 1104 3115 1106 3118 0.4138047725319466 0.9096304262498099 0.20830494706331235 2.7314714759973207 1.242588088727982 -1.2510114103336103 1.7077874713005798 0.41444704519442244 69.9809295675871
4970.163005252198 3119.693382328549 53.131186479753495 -27.790121640805257 831 1.9209942528503063 1 28.16475984658535 0.05204499482400345 0.1013736643088495 0.0048595301043053655 26.243765593735045 0.027734530237253977 0.59473410822875 0.015192660134288057 0.016414237082984208 0.01452703 72.0 5.463450196835311 25.530811368144004 1.1468445006757975 1.0710783 3.715287522960427 4965 3115 4976 3126 5.540090126448205 5.225764835692244 2.8558143973581585 0.251292670031615 0.2664077094671899 -0.27465653261903605 1.8076052982223556 0.4467818826469334 43.42502330780908
3767.230898986971 3117.9557758189812 53.150072108112845 -27.790148739948926 832 1.7841651320710525 1 29.477532898755715 0.14049710375719368 0.030256307418344203 0.003915375852136552 27.693367766684663 0.08486916787279485 0.15648833759718833 0.012232693187501491 0.01701923630827544 0.01452703 19.0 2.898516238192717 27.457937781058728 0.19438107125461102 0.44099566 3.8381510361891555 3765 3116 3770 3120 1.9831869551109291 1.0469762694873295 0.3617495182335453 0.5381564039112872 1.0193781761346683 -0.3718858306970657 1.5103716662645692 0.33791130862962593 18.848336951470205
4118.720139510358 3117.3568783932087 53.144553841724864 -27.790156456910193 833 1.981229445208399 1 29.90945589818124 0.22059117988526888 0.020325756776557007 0.004129762060791848 27.92822645297284 0.11113359710492479 0.1260487381728107 0.012902505004772311 0.01646583776946376 0.01452703 12.0 2.8597106403416883 28.015932748376596 0.11626687087118626 0.34106827 3.809608072786578 4116 3116 4121 3118 2.582391626427165 0.3671785283115004 0.3191056677246463 0.43382726852399844 3.0511367609211413 -0.7540568389776076 2.855966554657986 0.6498558435955655 8.035946374653019
5425.422315784684 3118.0237470550405 53.12403905444073 -27.790143038043787 834 0.7174959428033887 16 28.07082990950943 0.03832667532267986 0.11053431389761582 0.0039020104640039616 27.353333966706042 0.06186200359407591 0.21404027337046339 0.01219578167129096 0.015806985078091473 0.01452703 12.0 1.9782947052819713 27.29579677567948 0.22568899020552635 0.47513124 3.615704562063051 5424 3117 5427 3119 0.8420368909107522 0.5695139494840383 -0.06448267277395466 1.197983694875011 1.771241014742873 0.2712811184173585 1.2422612070129553 0.19501631834377076 -12.66239959377486
1314.2224551971244 3118.7620430168217 53.188583528751515 -27.79013563323018 835 1.6353566481615687 1 29.748630616475698 0.18223639721573948 0.02357093645621862 0.003956417554372672 28.11327396831413 0.12620363645974447 0.10629663008602969 0.01235610321476764 0.016279309009662783 0.01452703 8.0 1.9148308018376832 28.516875316557748 0.07329577766358852 0.27080664 3.8522790948168675 1313 3118 1316 3120 0.9057107344109618 0.41672737920308073 0.044619591485690335 1.1099601422926308 2.412375250134087 -0.23769001311699658 1.4847359317362785 0.3264795586710284 5.171312731354988
1434.6554347789283 3126.935204719204 53.18669274584281 -27.79002246003309 836 2.2006248637205132 1 27.81747143449626 0.04733367175949631 0.13958556534325034 0.00608556445824918 25.616846570775746 0.019491430533998724 1.0594743707334815 0.01902060523137484 0.018161938247299683 0.01452703 127.0 6.626116091666266 24.678894478854705 2.513456029817462 1.5855908 3.5777492509978353 1428 3122 1444 3132 11.683576597540227 4.15195432994999 -1.6068841372170515 0.09040216224782939 0.25439118623891427 0.06997466202279203 1.7724799651090521 0.4358187287389311 -11.554051897274698
2310.7738341260515 3131.105028650455 53.17293798680264 -27.789966265921297 837 1.3380178568944174 1 28.86858856701603 0.09401070425285221 0.05301437635387474 0.004590511979877977 27.530570710121612 0.08561512802277998 0.1818028971087014 0.014336444976396578 0.01628648833393649 0.01452703 13.0 2.2473598051806363 27.596481348684694 0.17109469510614872 0.41371542 3.7219728989946406 2309 3130 2313 3133 1.1331532993872797 0.688475005391187 -0.164648089532715 0.9142624110683747 1.5047742612228168 0.437289830815138 1.368413807758123 0.26922690027638385 -18.260469164683723
4000.6153644700767 3131.8176226422534 53.14640807743222 -27.78995583966527 838 2.017536287731893 1 29.572608697345576 0.14693779943473548 0.02771951355991309 0.003751537555397384 27.555072409613683 0.0716305366712053 0.17774611610238877 0.011727042173377979 0.01567941499424392 0.01452703 19.0 3.2182816036633857 27.50866412945211 0.1855083368718624 0.43081835 3.8002624775778795 3998 3130 4004 3134 2.8102117648374687 0.9254077294635844 0.2587840871077512 0.3652508355091831 1.1091675186888663 -0.20427991040744137 1.7874181189778506 0.4405338127757942 7.677484986495852
4679.495811480424 3130.3459148137113 53.13574989318969 -27.789974640843273 839 1.610681790033901 1 29.786645810589224 0.17530032729352601 0.02275992147915945 0.0036748841157516845 28.175964020555323 0.12425540507880561 0.10033292547293854 0.011482829784822318 0.01577606145610378 0.01452703 6.0 1.7552831458198173 28.833672922037675 0.054746948182582855 0.23404549 3.8953837883016718 4678 3130 4681 3131 0.8849849245469972 0.22625775536629822 -0.004881587379134058 1.1300972437401864 4.420264058410037 0.048764458334744056 1.9779248861354344 0.4944196278586451 -0.4245670890301802
1441.285769470144 3138.34417151351 53.186588616713564 -27.789864020307288 840 1.2483777387176573 0 29.34358950862418 0.13335395471600675 0.03422892660735665 0.004204257832527362 28.095211769906523 0.13218348270848007 0.10807976101318995 0.013158661896494105 0.016783257038249663 0.01452703 8.0 1.870266367251364 28.3534843253976 0.08519916795194149 0.29195827 3.840504670605692 1440 3137 1442 3140 0.40067579452945934 0.8609236112583227 -0.17979419250583867 2.7538513690386615 1.2816486513743977 1.1502216380236794 1.6504815241950095 0.394116210729635 -70.99986931351172
