435fw/HST/hst_10086_7d_acs_wfc_f435w_j8wc7d/hst_10086_7d_acs_wfc_f435w_j8wc7d_point-cat.ecsv
# %ECSV 1.0
# ---
# datatype:
# - {name: X-Center, unit: pix, datatype: float64, format: 10.3f, description: Pixel Coordinate}
# - {name: Y-Center, unit: pix, datatype: float64, format: 10.3f, description: Pixel Coordinate}
# - {name: RA, unit: deg, datatype: float64, format: 13.7f, description: Sky coordinate at epoch of observation}
# - {name: DEC, unit: deg, datatype: float64, format: 13.7f, description: Sky coordinate at epoch of observation}
# - {name: ID, unit: '', datatype: int64, format: 7d, description: Catalog Object Identification Number}
# - {name: MagAp1, unit: mag(AB), datatype: float64, format: 7.3f, description: ABMAG of source based on the inner (smaller) aperture}
# - {name: MagErrAp1, unit: mag(AB), datatype: float64, format: 7.3f, description: Error of MagAp1}
# - {name: FluxAp1, unit: electron / s, datatype: float64, format: 10.4f, description: Flux of source based on the outer (smaller) aperture}
# - {name: FluxErrAp1, unit: electron / s, datatype: float64, format: 10.4f, description: Flux of source based on the outer (smaller)
#     aperture}
# - {name: MagAp2, unit: mag(AB), datatype: float64, format: 7.3f, description: ABMAG of source based on the outer (larger) aperture}
# - {name: MagErrAp2, unit: mag(AB), datatype: float64, format: 7.3f, description: Error of MagAp2}
# - {name: MSkyAp2, unit: electron / (pix s), datatype: float64, format: 7.3f, description: Sky estimate from an annulus outside Aperture
#     2}
# - {name: StdevAp2, unit: electron / (pix s), datatype: float64, format: 7.3f, description: Standard deviation of sky estimate from annulus
#     outside Aperture 2}
# - {name: FluxAp2, unit: electron / s, datatype: float64, format: 10.4f, description: Flux of source based on the outer (larger) aperture}
# - {name: FluxErrAp2, unit: electron / s, datatype: float64, format: 10.4f, description: Flux of source based on the outer (larger) aperture}
# - {name: CI, unit: mag(AB), datatype: float64, format: 7.3f, description: Concentration Index}
# - {name: Flags, unit: '', datatype: int64, format: 5d, description: Numeric encoding for conditions on detected sources}
# meta: !!omap
# - h00: [' #==================================================================================================']
# - h01: [' # All refereed publications based on data obtained from the HAP must carry the following footnote: ']
# - h02: [' #                                                                                                  ']
# - h03: [' #     Based on observations made with the NASA/ESA Hubble Space Telescope                          ']
# - h04: [' #     and obtained from the Hubble Advanced Products collection generated                          ']
# - h05: [' #     by the Space Telescope Science Institute (STScI/NASA).                                       ']
# - h06: [' #                                                                                                  ']
# - h07: [' # One copy of each paper resulting from data obtained from the HAP should be sent to the STScI.    ']
# - h08: [' #==================================================================================================']
# - {WCSNAME: IDC_4bb1536oj}
# - {WCSTYPE: undistorted not aligned}
# - {Proposal ID: 10086}
# - {Image File Name: HST_10086_7D_ACS_WFC_F435W_J8WC7D_DRC.FITS}
[...]
# - h10.4: ['the selected aperture. For details, see Whitmore et al., 2016 AJ, 151, 134W.']
# - h10.5: [' ']
# - h11: ['The X and Y coordinates in this table are 0-indexed (i.e. the origin is (0,0)).']
# - h12: [RA and Dec values in this table are in sky coordinates (i.e. coordinates at the epoch of observation]
# - h12.1: [and an undistorted not aligned).]
# - h13: [Magnitude values in this table are in the ABMAG system.]
# - h14: ['Column titles in this table ending with Ap1 refer to the inner photometric aperture ']
# - h14.1: ['(radius = 1.000000000000064 pixels, 0.05 arcsec.']
# - h15: ['Column titles in this table ending with Ap2 refer to the outer photometric aperture ']
# - h15.1: ['(radius = 3.000000000000192 pixels, 0.15 arcsec.']
# - h16: [CI = Concentration Index (CI) = MagAp1 - MagAp2.]
# - h17: ['Flag Value Identification:']
# - h17.1: ['    0 - Stellar Source (0.9 < CI < 1.23)']
# - h17.2: ['    1 - Extended Source (CI > 1.23)']
# - h17.3: ['    2 - Questionable Photometry (Single-Pixel Saturation)']
# - h17.4: ['    4 - Questionable Photometry (Multi-Pixel Saturation)']
# - h17.5: ['    8 - Faint Detection Limit']
# - h17.6: ['   16 - Hot pixels (CI < 0.9)']
# - h17.7: ['   32 - False Detection Swarm Around Saturated Source']
# - h17.8: ['   64 - False Detections Near Image Edge']
# - h17.9: ['  128 - Bleeding and Cosmic Rays']
# - h18: ['#=================================================================================================']
# schema: astropy-2.0
X-Center Y-Center RA DEC ID MagAp1 MagErrAp1 FluxAp1 FluxErrAp1 MagAp2 MagErrAp2 MSkyAp2 StdevAp2 FluxAp2 FluxErrAp2 CI Flags
[from data line 428]
3266.3268055917133 2601.2095672476567 53.15793938705659 -27.797329156502286 429 28.815662525537252 0.08686034507118164 0.05566267498859846 0.004453236766228878 27.197756498636448 0.06114371487878587 0.018767784529570807 0.0024989826578949662 0.24701679595866766 0.01391132406960302 1.6179060269008048 1
2258.639157832117 2613.6560258134245 53.17376077834824 -27.79715590285012 430 28.793253078092928 0.10697002494620626 0.05682348327566089 0.005598608661257971 27.22056832560578 0.07852282492265247 0.017579158469271744 0.0031417068789078182 0.24188099888285086 0.017493947985073588 1.5726847524871488 1
3651.7995095903093 2614.0739279418053 53.15188721021392 -27.79715015597466 431 27.860208802660647 0.08706798920385937 0.1341978514194936 0.010762031020146995 25.92949896537333 0.04604284618680965 0.017642336850985887 0.0060379580578334485 0.7943821877541157 0.0336885114527992 1.930709837287317 1
2463.3414894885696 2616.985394060193 53.17054680859493 -27.79710988594395 432 28.992326608402426 0.10347135950361756 0.04730406255477059 0.004508257955776256 27.59864419959094 0.08954471199979805 0.016110563297140397 0.002529863678114572 0.17075420357948795 0.01408320528901182 1.393682408811486 1
3348.8661959883975 2619.24156319016 53.156643473608774 -27.797078663890833 433 28.42379583706695 0.0545524026670113 0.0798565877250545 0.004012497678171395 27.16621865958766 0.05350107653383432 0.016291468438726885 0.002251692113816317 0.25429722431647833 0.012531247361607755 1.2575771774792912 1
3654.6193043045223 2621.408630563183 53.15184294746486 -27.797048281730174 434 29.03460089355647 0.14236676813014998 0.045497624936276106 0.0059660585979325305 26.88337768242339 0.06167924105964523 0.017326569635770284 0.0033453626231642304 0.32997270022740455 0.018745938768009705 2.151223211133079 1
3272.3987460482313 2624.4698034070316 53.15784406701211 -27.79700609453462 435 29.074657656869267 0.10452574510698509 0.04384963885913586 0.004221623076746231 27.83701429472946 0.10447918650988819 0.016968495218874252 0.0023688589135197904 0.13709555238840626 0.013192992343800723 1.2376433621398064 0
3841.258677274689 2640.961368426915 53.14891261872442 -27.796776461018283 436 29.185909691347536 0.1877411045830711 0.039579035539147024 0.00684407465271446 27.105266997891516 0.08641352266932038 0.017567106395175586 0.003840108109102029 0.2689814215692024 0.021408890273921243 2.0806426934560207 1
3853.5345657015955 2640.88068146999 53.14871987943414 -27.79677756273687 437 28.257843726471112 0.12051997700349741 0.09304468995795592 0.010328584225873072 26.445990932048698 0.0710165224061936 0.019954031436449533 0.005795770029889157 0.4936654242916606 0.032291057995184475 1.811852794422414 1
3855.214098489679 2644.839816883433 53.148693516679465 -27.796722572135764 438 28.206151165541204 0.11086181546637544 0.09758175339303177 0.0099641616814439 26.3225312934641 0.06118065545386133 0.018991911973346744 0.005590849828677819 0.5531164391092227 0.031168855380867663 1.8836198720771051 1
3847.5119514628122 2647.348285243512 53.148814449532615 -27.79668774423215 439 28.654329128219683 0.19236416236442921 0.06457990954428013 0.011442258639638991 27.529000154277984 0.21365158474779009 0.018434467350246668 0.0064193494390645395 0.18206607173306 0.03582822580323579 1.1253289739416985 0
4344.168064674268 2661.1812132622877 53.14101668158068 -27.796494635238744 440 29.55979256040766 0.6046384207568111 0.028048656218414306 0.015620609008246045 27.834688968020547 0.3856112105967178 0.021802004369891298 0.008766368370076497 0.13738948527122674 0.04879702103591938 1.7251035923871143 9
4339.893701449931 2664.126371853172 53.141083799629406 -27.796453740606257 441 28.58214460164997 0.17002535956726283 0.06901941008250756 0.010808740919589862 26.7189167556291 0.09549364273895462 0.024514829955336187 0.006065767726893283 0.38393913438600236 0.03376968456531306 1.8632278460208695 1
2291.5792599723504 2667.644081295857 53.17324352188282 -27.796406109882252 442 29.66291402243826 0.2571599523633727 0.02550724036318689 0.006041669629472448 28.347514093067115 0.23918689006717117 0.018648138964327717 0.0033904822893425475 0.08566895047831136 0.018873436345423034 1.3153999293711465 9
4335.472270984987 2668.322288015107 53.14115323007273 -27.796395474663917 443 29.678164576670664 0.6520499825674371 0.025151463058132054 0.015105472090449058 27.771140099314163 0.3518810505985017 0.020273556292722726 0.008476652834787551 0.14567098066725903 0.04721272701382438 1.9070244773565008 9
4346.786293255654 2669.364291303016 53.14097559632215 -27.79638097503304 444 28.40559733325559 0.14373249217549539 0.08120637987313281 0.010750663497941758 26.448368698396816 0.07413176391910989 0.0179024490488457 0.006032051551639038 0.4925854781412675 0.033633812632909925 1.9572286348587724 1
4344.321023429185 2670.615648256486 53.14101430588997 -27.796363601058516 445 28.35683194980253 0.1335778428493223 0.0849368799613367 0.010450110715287082 26.42030345490159 0.0702106785234362 0.0186117642869552 0.005863522962804027 0.5054843354502758 0.03268895475263157 1.9365284949009407 1
4023.6092177144287 2672.1816930931723 53.146049666351004 -27.79634253665047 446 28.949550671800427 0.08547747209006253 0.0492049522785205 0.003873919991784189 27.50050802067418 0.07030450479635013 0.016000974986727548 0.0021737936662932513 0.1869071328152146 0.012103171608620523 1.4490426511262484 1
2321.9202224461446 2677.410773358806 53.1727671384911 -27.796270497552605 447 29.16857753585734 0.24669831328799835 0.04021592565085617 0.00913806855059571 27.49780453774358 0.16542787101341716 0.019738082058068845 0.005128171630814507 0.18737311144076407 0.02854999991784596 1.6707729981137618 1
1613.7742511409933 2678.5462047750157 53.18388541929624 -27.796253457583155 448 28.70095385430155 0.07509795086669006 0.061865359640219025 0.004279231591241851 27.183429808080884 0.05799194926710296 0.015787610023909687 0.0024012775837587027 0.2502978737989123 0.013369495808243767 1.5175240462206645 1
2326.332515975984 2678.8841577580447 53.172697861108595 -27.79625003900445 449 29.646889476807626 0.43163518820505203 0.02588649747182427 0.010291538369918458 27.361500287956265 0.16443817273869657 0.02176530544475288 0.005774981494803403 0.21243641728299567 0.03217523835421485 2.2853891888513616 1
2333.952475787022 2678.260097503549 53.17257822434324 -27.79625871527484 450 29.238979382861178 0.3334291404223632 0.03769097139658781 0.01157526774840946 27.281601707162974 0.17175886585804237 0.02017243799740729 0.006495712601359516 0.22865905314972645 0.0361740993250169 1.9573776756982042 1
1437.6022097281077 2678.764654288724 53.18665141661411 -27.796249969339893 451 29.057621932447933 0.10368664759516989 0.04454308687023758 0.004253959059699146 27.78923164119315 0.1007200464397094 0.016917520779229346 0.002387093332270247 0.14326378705815956 0.01329053632276547 1.2683902912547822 1
2301.6064039076537 2678.470999897825 53.17308607526712 -27.79625574814992 452 29.441083762459787 0.17751423860175056 0.03128928064845509 0.005115863342274102 27.73542659839531 0.11528629503684773 0.018202242743440046 0.0028707793793494654 0.1505422644217993 0.015985502359442478 1.7056571640644762 1
2329.8299837693025 2680.051138118807 53.17264294741677 -27.796233834980978 453 29.37916614314111 0.3429956104866696 0.03312551404378117 0.010465051038161066 27.28971246689949 0.15644931861585235 0.022923468101820714 0.005872673717124987 0.2269572689964089 0.032704531720920034 2.089453676241618 1
2322.144146544554 2681.4243607596927 53.17276361747479 -27.7962147535452 454 29.13885166503744 0.24572627950445472 0.04133219004917041 0.009354706902969226 27.82502839019862 0.22909875328710372 0.020980611191286393 0.005249173242253664 0.13861739326887057 0.02925031959271107 1.3138232748388177 9
2326.752662848626 2682.1245689910634 53.17269126033498 -27.79620503377991 455 29.84940301676178 0.5258115528339582 0.02148166190096243 0.010403708208159832 27.51676295288824 0.19173376422543065 0.022977829389146102 0.005838142106046111 0.184129724139955 0.03251716414768694 2.3326400638735407 1
2342.570990840506 2684.447627693401 53.172442900999904 -27.796172787149004 456 29.068184498170726 0.20170588237694154 0.04411185126203265 0.008195284039871693 27.522798486479115 0.1518554590373363 0.02006233109110226 0.004598903206981144 0.18310899924682966 0.025611219613608346 1.5453860116916118 1
3657.8220167355507 2686.0002399147847 53.151792750779414 -27.796151172212877 457 27.98364424663865 0.0858221170621046 0.11977643563809645 0.009468054969710187 26.01820173879756 0.043870639728951034 0.019636815147740502 0.005313363377653836 0.7320628835047565 0.02958097726920348 1.9654425078410895 1
2100.141374018987 2689.4033055164546 53.17624916822445 -27.796103632562733 458 28.683655966116344 0.12159372798101167 0.06285888848011617 0.007039925013392275 27.299718058514085 0.10626172371906144 0.020721945995432693 0.003950302782640347 0.22487535412105986 0.022009434236748792 1.3839379076022595 1
3669.3195495590585 2689.805756236743 53.1516122386114 -27.79609830383926 459 28.373753924741255 0.10769693913727321 0.0836233407794729 0.008295088737572395 26.68302992489996 0.07095041452068437 0.016930466730495634 0.004654655743975856 0.39684152848318477 0.02593356446983875 1.6907239998412962 1
4985.619493748784 2696.297079841147 53.13094566080027 -27.79600499493065 460 28.853537298204134 0.08583450975142586 0.05375441803385811 0.004249778132918316 27.05526787829295 0.051187099763200614 0.01712143592180449 0.0023847037536049755 0.281657897029667 0.013279221584554525 1.7982694199111862 1
2095.208159660857 2697.1600729177803 53.17632660856204 -27.79599589197466 461 29.854118411143777 0.3463887857781068 0.021388568511881187 0.006823947938069791 28.22080326788078 0.24085865889404118 0.022088337842096635 0.003828517401397244 0.0962737251665362 0.021357981330335646 1.6333151432629975 9
3772.5983698854243 2698.4005889633336 53.149990720136515 -27.795978795055618 462 28.421423506451834 0.04529217941288087 0.08003126491424264 0.003338666675081215 27.265162987175888 0.04878274372970721 0.01572204310903136 0.0018733703636271823 0.23214743461971266 0.010430863784252002 1.1562605192759463 0
2091.944827649028 2699.2433778420027 53.17637784084898 -27.79596695206037 463 29.937679092915477 0.3761301037380773 0.019804206517818432 0.006860972876482779 28.817857833452894 0.4191714454939876 0.021706687633333534 0.0038499520169893047 0.05555024136460085 0.02144706177612567 1.119821259462583 8
2093.1787679693757 2710.7244850896404 53.17635844696834 -27.795807494182853 464 29.08465094541422 0.18696852233608266 0.04344789152502221 0.007482166415263711 27.690673158608366 0.16182419604307807 0.02216490953905533 0.0041987055660964575 0.15687719672452272 0.02338263446388292 1.3939777868058556 1
3871.5245069965267 2714.5703159282193 53.14843755809429 -27.795754067398022 465 28.110480400432277 0.03985382495404992 0.10657048039712841 0.0039119842230967705 26.926962183697068 0.0418394854855614 0.016032725772601647 0.0021953134638216425 0.31698901341744357 0.012215766073465558 1.1835182167352087 0
4617.635289815088 2718.3082480542375 53.13672327404064 -27.79570047503396 466 28.25490845813138 0.04569457902745157 0.09329657493687592 0.003926635089291364 26.77958770377582 0.03669439452159252 0.01562389170062052 0.002203300874372818 0.3630730404951176 0.012271111161538163 1.4753207543555575 1
4575.16374448596 2720.400006957103 53.13739010396052 -27.795671544790043 467 29.284895000290913 0.11065651875592898 0.03613025972576717 0.003682461787787547 27.776465451743736 0.08620370363579932 0.01616649129956039 0.002066222041058809 0.14495823851640105 0.011509567129626365 1.508429548547177 1
3043.019152658091 2725.2016362296904 53.1614454913522 -27.795607114308503 468 27.076365016685575 0.01916793065856783 0.27623778118559367 0.004876951860589566 25.615433260148844 0.015614977745897079 0.017631498480241904 0.0027362358186773387 1.0608543941404807 0.01525763816536864 1.4609317565367306 1
1338.358784127982 2729.8449760821222 53.18820942486225 -27.795540240367064 469 28.35488592548109 0.05397541782965332 0.08508925348491436 0.0042301998799498365 26.5885928553169 0.033176919181087644 0.01654669550938681 0.002373452434988681 0.43290434175831205 0.013228730182976385 1.7662930701641884 1
3335.0813097173564 2736.866156543885 53.15685998974305 -27.795444997895085 470 28.441670742696882 0.15003549212368802 0.07855264021296843 0.010855378126524567 26.358517588634488 0.0689183155424836 0.018878532514344674 0.00609068950155732 0.5350841025670878 0.03396619233903031 2.083153154062394 1
3593.5143781174115 2736.0977769641454 53.15280247707628 -27.79545544697485 471 27.51517402149022 0.02209845549328241 0.1843993878806028 0.003753285130393314 26.071960775679482 0.018285822041490186 0.01582241522399612 0.0021058929514452614 0.6966983362040423 0.011734090257372586 1.443213245810739 1
3042.7834531150806 2738.4310483482163 53.161449193651855 -27.795423372501197 472 29.370094188802316 0.18225947261976025 0.03340345645212119 0.0056075309538921765 27.696742401550164 0.1222331738673921 0.017345336873246277 0.0031456866890470017 0.15600270291590357 0.017563512488995816 1.6733517872521517 1
4364.45178224763 2739.2128544076204 53.140698432304966 -27.79541081299532 473 27.672862493922775 0.033670949944287834 0.1594718697095634 0.004945721048643916 26.038037158797803 0.023363787219680292 0.0166106652338188 0.0027749307309561954 0.7188101817498315 0.015468479448966363 1.6348253351249724 1
3332.4582640774693 2739.7688323536067 53.15690117476386 -27.79540468460794 474 28.077173922665427 0.11130409077988934 0.1098903393688197 0.011265767992023537 26.067364076080825 0.05464747112109706 0.018785595624097463 0.006321793583963925 0.6996542124031576 0.03521629673671867 2.009809846584602 1
4363.941772681453 2742.040656550859 53.140706447533454 -27.79537153922285 475 28.00699013973463 0.04880604532250712 0.11722845135131332 0.005269832467292547 26.173297073310156 0.028213575537742716 0.016706655099195368 0.0029565789683276365 0.6346148850050983 0.016491438698965872 1.8336930664244733 1
1842.1831911075576 2743.128175640217 53.180299125904185 -27.79535699271224 476 28.74010723988273 0.07356777386286471 0.059674142592123273 0.004043560677606768 27.195753251755324 0.055416371152952865 0.016466122752023957 0.00226904689777259 0.2474729771241852 0.012631532053642865 1.5443539881274049 1
5699.086348318992 2743.480781440901 53.11974412446234 -27.795346672560772 477 28.781529161120705 0.06898012563953781 0.05744039519302209 0.0036494848274839895 27.277746085722132 0.05394594525532324 0.015704452573340764 0.0020478256541654333 0.22947250119523016 0.011401962777083892 1.503783075398573 1
3045.6394420600623 2750.0451996945003 53.16140435495636 -27.7952620645106 478 29.3612550330143 0.21400879840247103 0.03367650942353978 0.006638177504026194 27.31686234557834 0.10192043941755084 0.017459722368844917 0.0037242112280505865 0.22135235427072825 0.020779524006062457 2.044392687435959 1
4138.577707345102 2751.7726772358455 53.14424478144566 -27.795236881373388 479 29.10420445264413 0.09579764379228017 0.042672422920970766 0.00376523677879404 27.682937049375898 0.08085574504972932 0.01601551021513057 0.0021127171148311173 0.15799897295664384 0.011766717026343807 1.4212674032682315 1
4262.4320185862525 2751.139626317027 53.14230021707792 -27.795245405117853 480 29.372860661258162 0.18328934329707208 0.03331845227614203 0.005624866203710886 27.398924988471403 0.09301316886555283 0.016785823399650637 0.0031562699379652807 0.205238621145943 0.017583028945731615 1.9739356727867587 1
