435fw/HST/hst_10086_7d_acs_wfc_f435w_j8wc7d/hst_10086_7d_acs_wfc_f435w_j8wc7d_segment-cat.ecsv
# %ECSV 1.0
# ---
# datatype:
# - {name: X-Centroid, unit: pix, datatype: float64, format: 10.3f, description: Pixel Coordinate}
# - {name: Y-Centroid, unit: pix, datatype: float64, format: 10.3f, description: Pixel Coordinate}
# - {name: RA, unit: deg, datatype: float64, format: 13.7f, description: Sky coordinate at epoch of observation}
# - {name: DEC, unit: deg, datatype: float64, format: 13.7f, description: Sky coordinate at epoch of observation}
# - {name: ID, unit: '', datatype: int32, format: 7d, description: Catalog Object Identification Number}
# - {name: CI, unit: mag(AB), datatype: float64, format: 7.3f, description: Concentration Index}
# - {name: Flags, unit: '', datatype: int32, format: 5d, description: Numeric encoding for conditions on detected sources}
# - {name: MagAp1, unit: mag(AB), datatype: float64, format: 7.3f, description: ABMAG of source based on the inner (smaller) aperture}
# - {name: MagErrAp1, unit: mag(AB), datatype: float64, format: 7.3f, description: Error of MagAp1}
# - {name: FluxAp1, unit: electron / s, datatype: float64, format: 10.4f, description: Flux of source based on the inner (smaller) aperture}
# - {name: FluxErrAp1, unit: electron / s, datatype: float64, format: 10.4f, description: Error of FluxAp1}
# - {name: MagAp2, unit: mag(AB), datatype: float64, format: 7.3f, description: ABMAG of source based on the outer (larger) aperture}
# - {name: MagErrAp2, unit: mag(AB), datatype: float64, format: 7.3f, description: Error of MagAp2}
# - {name: FluxAp2, unit: electron / s, datatype: float64, format: 10.4f, description: Flux of source based on the outer (larger) aperture}
# - {name: FluxErrAp2, unit: electron / s, datatype: float64, format: 10.4f, description: Error of FluxAp2}
# - {name: MSkyAp2, unit: electron / (pix s), datatype: float64, format: 7.3f, description: Sky estimate from an annulus outside Aperture
#     2}
# - {name: Bck, unit: electron / s, datatype: float32, format: 10.4f, description: Background at the position of the source centroid}
# - {name: Area, unit: pix2, datatype: float64, format: 8.3f, description: Total unmasked area of the source segment}
# - {name: FWHM, unit: pix, datatype: float64, format: 8.3f, description: Circularized FWHM of 2D Gaussian function having the same second-order
#     central moments as the source}
# - {name: MagSegment, unit: mag(AB), datatype: float64, format: 7.3f, description: Magnitude corresponding to FluxSegment}
# - {name: FluxSegment, unit: electron / s, datatype: float64, format: 10.4f, description: Sum of unmasked data values in the source segment}
# - {name: FluxSegmentErr, unit: electron / s, datatype: float32, format: 10.4f, description: 'Uncertainty of FluxSegment, propagated
#     from the input error array'}
# - {name: KronRadius, unit: pix, datatype: float64, format: 8.4f, description: The unscaled first-moment Kron radius}
# - {name: Xmin, unit: pix, datatype: int64, format: 8.0f, description: Minimum X pixel within the minimal bounding box containing the
#     source segment}
# - {name: Ymin, unit: pix, datatype: int64, format: 8.0f, description: Minimum Y pixel within the minimal bounding box containing the
#     source segment}
# - {name: Xmax, unit: pix, datatype: int64, format: 8.0f, description: Maximum X pixel within the minimal bounding box containing the
[...]
# - h10.5: [' ']
# - h11: ['The X and Y coordinates in this table are 0-indexed (i.e. the origin is (0,0)).']
# - h12: [RA and Dec values in this table are in sky coordinates (i.e. coordinates at the epoch of observation]
# - h12.1: [and an undistorted not aligned).]
# - h13: [Magnitude values in this table are in the ABMAG system.]
# - h14: ['Column titles in this table ending with Ap1 refer to the inner photometric aperture ']
# - h14.1: ['(radius = 1.000000000000064 pixels, 0.05 arcsec.']
# - h15: ['Column titles in this table ending with Ap2 refer to the outer photometric aperture ']
# - h15.1: ['(radius = 3.000000000000192 pixels, 0.15 arcsec.']
# - h16: [CI = Concentration Index (CI) = MagAp1 - MagAp2.]
# - h17: ['Flag Value Identification:']
# - h17.1: ['    0 - Stellar Source (0.9 < CI < 1.23)']
# - h17.2: ['    1 - Extended Source (CI > 1.23)']
# - h17.3: ['    2 - Questionable Photometry (Single-Pixel Saturation)']
# - h17.4: ['    4 - Questionable Photometry (Multi-Pixel Saturation)']
# - h17.5: ['    8 - Faint Detection Limit']
# - h17.6: ['   16 - Hot pixels (CI < 0.9)']
# - h17.7: ['   32 - False Detection Swarm Around Saturated Source']
# - h17.8: ['   64 - False Detections Near Image Edge']
# - h17.9: ['  128 - Bleeding and Cosmic Rays']
# - h18: ['#=================================================================================================']
# schema: astropy-2.0
X-Centroid Y-Centroid RA DEC ID CI Flags MagAp1 MagErrAp1 FluxAp1 FluxErrAp1 MagAp2 MagErrAp2 FluxAp2 FluxErrAp2 MSkyAp2 Bck Area FWHM MagSegment FluxSegment FluxSegmentErr KronRadius Xmin Ymin Xmax Ymax X2 Y2 XY CXX CYY CXY Elongation Ellipticity Theta
[from data line 2072]
4016.6655168034094 4827.743398935599 53.14615962408474 -27.766401288348654 2073 1.9894931379571474 1 28.98255456927163 0.11881450766697528 0.04773173886188758 0.005223563648304138 26.993061431314484 0.05942062333425857 0.29826652273838267 0.016324198858668603 0.01697300888648997 0.01452703 84.0 6.165863582595128 25.82099865123404 0.8778688181191683 0.9371732 3.844834821709685 4011 4822 4022 4832 7.457058087368543 6.254991382579828 -2.2233161041774014 0.14999727692963777 0.17882333301474201 0.10663207700307803 1.4183499382739126 0.2949553752461339 -37.436349969206034
4008.0596137151097 4836.203408910692 53.14629472186359 -27.76628380399853 2074 2.2793056956164293 1 29.864731742496414 0.3075143285928888 0.02118050870771012 0.00599918017362744 27.585426046879984 0.11774732131054556 0.1728457338836853 0.018745622330993222 0.017720569160356865 0.01452703 65.0 5.865502212980874 26.19623466424589 0.6213484480977058 0.7884651 3.854894719572814 4004 4830 4013 4841 4.677573459910197 7.7310885008478465 -2.271543569199959 0.2493672334727559 0.15087572117890946 0.1465378479374807 1.6058284364570163 0.37726846947216375 -61.95298503203776
2352.588123927435 4925.44262572441 53.17227926252771 -27.765044960820493 2075 1.7377133517853238 9 30.347474498075687 0.5272019557736073 0.0135781088038254 0.006593354994090067 28.609761146290364 0.3328838402349451 0.06728598665999208 0.020630392956963665 0.018452463632074347 0.01452703 11.0 2.6787923861945164 28.218035029343188 0.09651950187981129 0.31076542 3.809891187097076 2351 4924 2354 4928 1.1394225294812634 1.4487466391997585 0.3568937731001446 0.9510196621858419 0.7479660002336654 -0.46856087371827954 1.3636262525342602 0.2666612291003281 56.71489288695245
2349.663564700997 4934.126889181579 53.172325155582044 -27.764924342823154 2076 1.8276835509579072 1 28.63624158868392 0.08060169285308338 0.06566477313941536 0.004874911923966618 26.808558037726012 0.04678190178289144 0.3535133903159242 0.015232595288474284 0.020678840005458825 0.01452703 160.0 8.351152207638577 25.047828733085115 1.7893594466149807 1.3379719 3.8514244976988303 2340 4926 2357 4944 12.193297117086912 12.960719645560523 3.0124232455073865 0.08700851393766598 0.08185661685241064 -0.04044628340258228 1.2793050880213634 0.2183256289970288 48.62951652413207
2358.400868284754 4931.26433887899 53.17218801817975 -27.764964110138802 2077 1.848107904645829 9 30.105733873293662 0.42100352443951133 0.016964283997999756 0.0065782659599803815 28.257625968647833 0.24016243552914576 0.09306335309271985 0.02058609333817487 0.018089345960171088 0.01452703 20.0 3.5043752868515625 27.633439853732884 0.16536863520741463 0.4067798 3.855446802588347 2356 4928 2360 4935 1.3820565302061765 3.0472502950683973 1.2531095444183065 1.1537420121714073 0.5232706629564597 -0.9488981785238756 2.288461653647655 0.5630252320784721 61.80052166549579
3816.082878893632 5039.918449240255 53.14930837352068 -27.763454746589755 2078 1.8455860766002985 1 28.42496370270479 0.08308453272873552 0.07977073664621835 0.0061045540938363 26.579377626104492 0.04748591858310982 0.4365942716354556 0.019095588133677236 0.020384004581392855 0.01452703 123.0 7.494334122023516 25.170439510731246 1.5982815250754356 1.2644776 3.7997615657599577 3810 5031 3822 5048 7.124815942630046 13.132441645561455 4.93945114202215 0.1898628234062881 0.10300732397124926 -0.1428246422429307 1.9129776269883338 0.4772547332012794 60.65245366037347
3808.696491616239 5038.752613926137 53.1494243069572 -27.763470949649584 2079 1.9977515339950358 1 29.175451716106235 0.16979565287066592 0.03996210873987458 0.006249785708368379 27.1777001821112 0.08452650017583155 0.2516222322331627 0.019589892840655383 0.01843468621510641 0.01452703 45.0 4.563170812030151 26.41150547374814 0.5095970369875431 0.7140201 3.822609329821515 3805 5034 3812 5042 2.8123987134216395 4.6977407070917785 0.912123517418185 0.37946360653928757 0.22717366184352455 -0.14735495256530465 1.440035007959602 0.3055724378416963 67.97177285960639
3825.6575840083024 5048.874126672626 53.149158105908924 -27.763330347933035 2080 2.288110506577077 1 28.65112699848186 0.0921177739169021 0.06477065430578959 0.005495559076900199 26.363016491904784 0.03500101497082893 0.5328714923479019 0.017178818348712228 0.019667514497093086 0.01452703 123.0 6.82554159775871 25.154287927187045 1.622235544025898 1.2739142 3.7674831419791603 3818 5042 3833 5056 8.697514903846864 8.105560766568225 -1.800760186548357 0.12051893107362797 0.12932050346621127 0.053549828087869684 1.2469855249149704 0.19806607212366145 -40.33309411469645
3813.474197638802 5050.395367521656 53.14934933642442 -27.763309237739314 2081 2.168884524025806 1 29.83736620976055 0.33078723632879353 0.021721139248662723 0.006617919887609863 27.668481685734744 0.1404896700068706 0.16011661838787566 0.02071910369340396 0.01715715429128071 0.01452703 36.0 4.225807842966082 26.93318261345272 0.3151781037449837 0.56156945 3.851630802629238 3810 5048 3817 5054 3.7938811649617077 2.6468331690589046 0.3011773936671207 0.2659849759764514 0.38125387059383403 -0.060531704646638096 1.2262210100916735 0.18448632687737176 13.852762926377514
3657.556143172734 5156.2578148859475 53.151796738221734 -27.76183913537823 2082 1.592834159489037 1 28.033280442850614 0.048968789245375004 0.11442394227096758 0.005160911774608057 26.440446283361577 0.035406732807923856 0.49619292814679417 0.016181790944160356 0.018000664722631413 0.01452703 51.0 4.256280435990332 25.888495345865035 0.8249563034623861 0.90841305 3.7252549902198706 3653 5153 3661 5160 4.352435587891532 2.1815025344418304 0.5158779836249916 0.23638193922539147 0.47161859698808456 -0.11179839239028105 1.4710214070543495 0.32020023963998423 12.709917671133772
3664.4737121416388 5157.147475471206 53.151688164166124 -27.761826770626485 2083 1.6769176427944146 1 28.325097704115823 0.06782567353689498 0.08745607893967519 0.005463541916716704 26.64818006132141 0.04550625503907131 0.40978594539307933 0.01717585312930314 0.01848006692416819 0.01452703 49.0 4.372329572674923 26.037478822325685 0.7191799227148294 0.8481909 3.7135621187848677 3661 5153 3668 5161 3.3398081424990234 3.5552880319686317 -0.3481660019308826 0.30250663887665574 0.2841722320654948 0.05924837935390313 1.111944997815099 0.10067494168782065 -53.59733910546406
3673.151095738415 5157.983916381623 53.151551968751015 -27.761815142790407 2084 1.8985687428349536 1 28.533833085535864 0.07408913240450418 0.07215988783149455 0.0049242548437337845 26.63526434270091 0.04041038365025187 0.41468979359958513 0.015434994616563504 0.017857736395843794 0.01452703 80.0 6.139295424837587 25.582742468696797 1.0932817440479994 1.0457946 3.7904750540097694 3668 5154 3681 5163 10.41377753819828 3.18035851634927 2.1260395717215186 0.1112032837605298 0.3641244383757763 -0.1486766857037568 2.0554761846539376 0.5134947281481828 15.224316909505077
3683.9408202427203 5158.89245437649 53.151382619055916 -27.76180251083863 2085 1.8715183513581337 1 30.139253548651528 0.3298182331951257 0.016448551699774196 0.0049968059871402844 28.267735197293394 0.18410574563061122 0.09220086696498614 0.015634806447801013 0.01692003013019848 0.01452703 7.0 2.3918711904176777 28.7567285101879 0.05876756273210049 0.24249323 3.810091559152811 3682 5158 3686 5160 1.6478233274264757 0.4156084919630377 -0.5637595303593982 1.1323724273182783 4.48968136395911 3.0720534356822493 3.0814624205459262 0.6754787618591709 -21.229794361973163
2457.5271323911543 5192.267614401501 53.17063185596048 -27.761339165976665 2086 2.0290677758229734 1 29.747271738280812 0.33132722240872836 0.023600455674395428 0.0072022413430761255 27.71820396245784 0.1607500134162828 0.15294930175412624 0.022645852730023838 0.01783052019567953 0.01452703 31.0 3.942135157916191 27.019841823931213 0.2909995745867491 0.53958905 3.8752777271259102 2454 5189 2460 5195 2.3328576427109464 3.272167537772686 -0.4940471709774871 0.4428180057260658 0.31570246849011924 0.13371747042987336 1.2817235054765543 0.21980052973422493 -66.77504926293794
2462.623657662191 5204.347372846766 53.17055185088145 -27.761171396293005 2087 2.1053638469788467 1 26.647669063751874 0.06237056306936391 0.4099788549649451 0.023552189399186428 24.542305216773027 0.028098015946079358 2.850407794638637 0.07376881612469864 0.03076141521982524 0.01452703 535.0 11.865840235399082 22.713995467295607 15.354330932721496 3.9188056 3.5 2448 5190 2476 5220 23.77401577975316 27.008187639971748 -11.056093450184854 0.05195322174389542 0.04573193618221162 0.042535225413539386 1.6036960565432667 0.3764404446092615 -49.16059537039623
