435fw/HST/hst_10086_7d_acs_wfc_f435w_j8wc7d/hst_10086_7d_acs_wfc_f435w_j8wc7d_point-cat.ecsv
# %ECSV 1.0
# ---
# datatype:
# - {name: X-Center, unit: pix, datatype: float64, format: 10.3f, description: Pixel Coordinate}
# - {name: Y-Center, unit: pix, datatype: float64, format: 10.3f, description: Pixel Coordinate}
# - {name: RA, unit: deg, datatype: float64, format: 13.7f, description: Sky coordinate at epoch of observation}
# - {name: DEC, unit: deg, datatype: float64, format: 13.7f, description: Sky coordinate at epoch of observation}
# - {name: ID, unit: '', datatype: int64, format: 7d, description: Catalog Object Identification Number}
# - {name: MagAp1, unit: mag(AB), datatype: float64, format: 7.3f, description: ABMAG of source based on the inner (smaller) aperture}
# - {name: MagErrAp1, unit: mag(AB), datatype: float64, format: 7.3f, description: Error of MagAp1}
# - {name: FluxAp1, unit: electron / s, datatype: float64, format: 10.4f, description: Flux of source based on the outer (smaller) aperture}
# - {name: FluxErrAp1, unit: electron / s, datatype: float64, format: 10.4f, description: Flux of source based on the outer (smaller)
#     aperture}
# - {name: MagAp2, unit: mag(AB), datatype: float64, format: 7.3f, description: ABMAG of source based on the outer (larger) aperture}
# - {name: MagErrAp2, unit: mag(AB), datatype: float64, format: 7.3f, description: Error of MagAp2}
# - {name: MSkyAp2, unit: electron / (pix s), datatype: float64, format: 7.3f, description: Sky estimate from an annulus outside Aperture
#     2}
# - {name: StdevAp2, unit: electron / (pix s), datatype: float64, format: 7.3f, description: Standard deviation of sky estimate from annulus
#     outside Aperture 2}
# - {name: FluxAp2, unit: electron / s, datatype: float64, format: 10.4f, description: Flux of source based on the outer (larger) aperture}
# - {name: FluxErrAp2, unit: electron / s, datatype: float64, format: 10.4f, description: Flux of source based on the outer (larger) aperture}
# - {name: CI, unit: mag(AB), datatype: float64, format: 7.3f, description: Concentration Index}
# - {name: Flags, unit: '', datatype: int64, format: 5d, description: Numeric encoding for conditions on detected sources}
# meta: !!omap
# - h00: [' #==================================================================================================']
# - h01: [' # All refereed publications based on data obtained from the HAP must carry the following footnote: ']
# - h02: [' #                                                                                                  ']
# - h03: [' #     Based on observations made with the NASA/ESA Hubble Space Telescope                          ']
# - h04: [' #     and obtained from the Hubble Advanced Products collection generated                          ']
# - h05: [' #     by the Space Telescope Science Institute (STScI/NASA).                                       ']
# - h06: [' #                                                                                                  ']
# - h07: [' # One copy of each paper resulting from data obtained from the HAP should be sent to the STScI.    ']
# - h08: [' #==================================================================================================']
# - {WCSNAME: IDC_4bb1536oj}
# - {WCSTYPE: undistorted not aligned}
# - {Proposal ID: 10086}
# - {Image File Name: HST_10086_7D_ACS_WFC_F435W_J8WC7D_DRC.FITS}
[...]
# - h10.4: ['the selected aperture. For details, see Whitmore et al., 2016 AJ, 151, 134W.']
# - h10.5: [' ']
# - h11: ['The X and Y coordinates in this table are 0-indexed (i.e. the origin is (0,0)).']
# - h12: [RA and Dec values in this table are in sky coordinates (i.e. coordinates at the epoch of observation]
# - h12.1: [and an undistorted not aligned).]
# - h13: [Magnitude values in this table are in the ABMAG system.]
# - h14: ['Column titles in this table ending with Ap1 refer to the inner photometric aperture ']
# - h14.1: ['(radius = 1.000000000000064 pixels, 0.05 arcsec.']
# - h15: ['Column titles in this table ending with Ap2 refer to the outer photometric aperture ']
# - h15.1: ['(radius = 3.000000000000192 pixels, 0.15 arcsec.']
# - h16: [CI = Concentration Index (CI) = MagAp1 - MagAp2.]
# - h17: ['Flag Value Identification:']
# - h17.1: ['    0 - Stellar Source (0.9 < CI < 1.23)']
# - h17.2: ['    1 - Extended Source (CI > 1.23)']
# - h17.3: ['    2 - Questionable Photometry (Single-Pixel Saturation)']
# - h17.4: ['    4 - Questionable Photometry (Multi-Pixel Saturation)']
# - h17.5: ['    8 - Faint Detection Limit']
# - h17.6: ['   16 - Hot pixels (CI < 0.9)']
# - h17.7: ['   32 - False Detection Swarm Around Saturated Source']
# - h17.8: ['   64 - False Detections Near Image Edge']
# - h17.9: ['  128 - Bleeding and Cosmic Rays']
# - h18: ['#=================================================================================================']
# schema: astropy-2.0
X-Center Y-Center RA DEC ID MagAp1 MagErrAp1 FluxAp1 FluxErrAp1 MagAp2 MagErrAp2 MSkyAp2 StdevAp2 FluxAp2 FluxErrAp2 CI Flags
[from data line 481]
4079.3067845393425 2754.2661520077277 53.14517536440734 -27.795202368702828 482 27.76999887404789 0.027645279713390418 0.1458241769993135 0.0037131345326710643 26.491716695190195 0.0266072215906628 0.015919304481249744 0.0020835876465904925 0.4733064311621499 0.011599308367152167 1.278282178857694 1
2190.048329948265 2758.137379550698 53.174837472651376 -27.79514912563952 483 29.258560618494396 0.13804225382309845 0.0370173083224661 0.004706597284054306 27.579324011034704 0.09184746692637703 0.015627382152086616 0.0026411351483449368 0.1738198934017589 0.014704722216417455 1.6792366074596927 1
4262.605861853165 2759.298410059163 53.142297508686156 -27.79513208828816 484 28.988019189860342 0.13589383273597866 0.047492103732281875 0.005944445059293046 27.317140864534192 0.0911289456182245 0.015500441867438597 0.0033357964113453855 0.22129557904347485 0.018574590391642554 1.67087832532615 1
1806.9638264927155 2760.7399362922815 53.18085204339267 -27.79511231281839 485 29.48563070363309 0.20373199025726518 0.030031484615547777 0.005635418744686367 27.54779345978505 0.10682549243620451 0.01766011158169127 0.003162422465331825 0.17894175801078982 0.017606651392560343 1.937837243848037 1
2784.9985644487856 2763.347735313646 53.16549651826084 -27.79507727789256 486 27.972949974453666 0.0392640830163018 0.12096203759759644 0.004374563402462048 26.540547041209596 0.03279318961992551 0.01598487059478046 0.002454782587461935 0.45249133510031847 0.013667342869409595 1.4324029332440702 1
5486.521417710921 2763.134640668588 53.12308158085308 -27.795074688637076 487 28.619823967059514 0.061860069622147136 0.0666652476590843 0.0037983944566350146 27.33220845894596 0.059035410963985666 0.015786559916525875 0.002131403889367802 0.21824570217951883 0.011867205230995225 1.2876155081135536 1
4190.069504751149 2764.0684903232823 53.14343636929897 -27.795065997826857 488 28.03581260032151 0.04786441967583435 0.11415739332852728 0.005032769073755109 26.49815906856374 0.03629244324283554 0.01679703402524329 0.002824093400772654 0.4705063144140955 0.015727939312212665 1.537653531757769 1
4176.356459601672 2766.3245568777506 53.14365167473339 -27.79503469289224 489 27.18375054993749 0.01806781164365675 0.25022394318161245 0.004164132885823378 25.936152478095803 0.017892562904147844 0.016666202478543078 0.002336635950663226 0.7895290105812924 0.013011603100741809 1.2475980718416864 0
5486.004234708299 2767.0235831775776 53.12308972038281 -27.795020677861427 490 29.084977748980823 0.09487143564616864 0.04343481579894318 0.003795453009001221 27.468205931347374 0.0668790087714685 0.015247202025445765 0.002129675846507183 0.19255141351864524 0.011861147346110466 1.616771817633449 1
2650.7262411321863 2768.4995150648488 53.16760464171915 -27.79500566331122 491 28.0570091018875 0.06070141983728397 0.11195034670510975 0.0062591369588987445 26.12628505837583 0.03207215547843269 0.016492013057524506 0.003511950239925834 0.6626970850672842 0.019576424378172672 1.9307240435116668 1
5182.345259975928 2775.0644338492616 53.12785731380253 -27.794910268948136 492 28.245782477845854 0.0647662988425605 0.09408406916834652 0.0056124868196382625 26.518553947744568 0.04130892134204831 0.01709879797085055 0.0031487202419529354 0.4617506384124233 0.01756877664347369 1.7272285301012857 1
3503.4748278151824 2776.311705127762 53.15421617971439 -27.794897011301927 493 28.82243482428237 0.07381288785992098 0.055316558646252165 0.0037607764024615935 27.432020603713337 0.06410433912599817 0.0152215005964348 0.0021101751514666367 0.19907688754568664 0.011754344949228052 1.3904142205690349 1
5172.1291049161655 2776.6370806806203 53.128017717968426 -27.79488846650149 494 27.82688268313642 0.04089870311173148 0.13838085525488386 0.005212855775460055 26.143933941128484 0.02717556941491195 0.016909788012184124 0.0029244356809059054 0.6520118774967214 0.01632015661440473 1.6829487420079374 1
5224.360193151425 2779.2738387967365 53.127197683472204 -27.79485163909978 495 29.012067929957364 0.09692001749029021 0.04645173199326264 0.004146728080723301 27.249764709014638 0.05980110104319306 0.016356412295278136 0.002326565578017835 0.23546328575577252 0.012969479362110337 1.7623032209427265 1
674.5060361807272 2780.382752843284 53.19863197500666 -27.794836003614908 496 28.78945595432067 0.07754762026856231 0.05702255882935114 0.004072914929391431 27.42648028246727 0.06903515762273425 0.01500737759900295 0.0022855224794759233 0.2000953382314074 0.012723232213668171 1.3629756718533983 1
1453.8676309642526 2785.4378801663674 53.18639571433053 -27.79476844113799 497 29.201661590282693 0.10557074109054307 0.03900896679132715 0.0037931339535201168 27.9361834066726 0.10283899849712423 0.01578879229241264 0.0021284129493130736 0.12512835092108282 0.011852329642001351 1.2654781836100923 1
3383.529759985095 2786.4977981746983 53.156099368304574 -27.794755636793607 498 27.753128936426275 0.04458030209515744 0.1481076561309972 0.006081499542162246 25.95393762537095 0.026650175566444074 0.01687323373087026 0.0034111725542093746 0.7767013026120183 0.019065327509713632 1.7991913110553241 1
3233.292341734541 2788.4261993856258 53.15845814724926 -27.79472894143292 499 22.045264611422144 0.0005763517776060965 28.426490078662813 0.015090409954811989 20.994497177293784 0.0006874453689553628 0.0232706634449091 0.008463007167111241 74.82215505403323 0.04737601914631595 1.0507674341283604 0
5321.1213705994205 2787.974500447889 53.12567854054073 -27.79473040261214 500 28.015012825709196 0.03684197184479994 0.1163654232206261 0.003948725841394985 26.539787096874736 0.029584104476128036 0.015721049642908692 0.0022157393479177497 0.4528081603069342 0.012338513329799827 1.4752257288344595 1
3390.0862595333783 2789.44227488883 53.15599643149022 -27.79471473653189 501 28.505447451658885 0.10604326097850093 0.07407132321714976 0.007234746853586726 26.563883546325147 0.05579690047504766 0.01646035370308472 0.004056128333091347 0.4428693911568452 0.02276019097524495 1.9415639053337372 1
3395.0046657706444 2790.5120899736303 53.15591921178276 -27.794699874374242 502 27.942474769336275 0.052965838585834056 0.12440538395023273 0.006069112540772531 26.349237430830893 0.03832532268224861 0.017238847797608557 0.003403626303751658 0.5396772506048271 0.0190506629581825 1.5932373385053822 1
5173.808833906966 2796.343126560053 53.127991432419314 -27.794614764927886 503 28.436841279804977 0.10901003398056613 0.07890282844741497 0.007922262144437217 26.710185331393436 0.06947766115626594 0.018448645287679963 0.004445439483070546 0.38703919800519226 0.02476796375904731 1.7266559484115405 1
5171.765183666929 2801.176899546162 53.12802353963105 -27.794547637162903 504 28.330194458701467 0.1031742095522195 0.0870464973264593 0.00827203974942141 26.517450029723594 0.06076214322661863 0.015353243285303332 0.0046415476210727785 0.4622203603135688 0.025868563816553683 1.8127444289778722 1
1470.5734378163963 2808.820044339128 53.18613335683268 -27.79444373383754 505 28.761913640433388 0.08272773002341825 0.05848757666755334 0.004456612740423071 27.229302251715705 0.06301054026685979 0.016300254383795093 0.0025007875134585036 0.23994305439492286 0.013925524077281582 1.532611388717683 1
3218.626475989227 2809.939384037899 53.15868841658146 -27.794430153646168 506 29.215188515247018 0.12113696843149911 0.038525978466985716 0.004298535725658896 27.788045796820075 0.1016643948916044 0.017451042980969354 0.0024121120516449714 0.14342034568187229 0.01342980810434952 1.4271427184269427 1
4725.637035633572 2822.58537966756 53.13502796139676 -27.79425185715291 507 28.542442434347596 0.05915930644001627 0.07158995837828551 0.0039009047487602484 27.34509005865706 0.06137667151387237 0.01614931054234095 0.002188819913257779 0.21567164964120406 0.01219232568378295 1.197352375690535 0
2535.3421875637255 2823.4639633381275 53.16941616544874 -27.79424218929037 508 29.360420427350956 0.14190845281454842 0.03370240651613816 0.004405136193084757 27.50122671017883 0.08001932791144747 0.01706448295600202 0.002471852030442048 0.1867834529144407 0.013766497528961075 1.8591937171721256 1
1365.2766677034306 2827.4195812758053 53.18778648632245 -27.794185115359078 509 28.5745678355629 0.13064451161070037 0.06950274373826615 0.00836340794997646 27.212313824795704 0.11652232632687726 0.02071908941505464 0.0046927291997752455 0.24372694999063227 0.026157899236863725 1.3622540107671952 1
1391.9956191383426 2830.8016803039927 53.187366981312856 -27.79413821762188 510 27.0504717668187 0.030569786282232208 0.2829048396130815 0.007965681574266447 25.399763897026506 0.02099693646405874 0.022167484946403984 0.0044668153774374405 1.2939679658739394 0.0250247427152827 1.6507078697921926 1
1346.6228333930187 2832.198099443159 53.188079340562226 -27.7941186933481 511 28.730871363741567 0.11950810128158829 0.06018392923541678 0.006624727927226794 27.485717756816936 0.11861623936419763 0.019159297118719935 0.003717580217086144 0.18947066567104698 0.020700283532956405 1.2451536069246316 0
3341.4958705754416 2832.14465480236 53.15675934774061 -27.79412168133178 512 28.524015982710015 0.0690635789932015 0.07281530795176457 0.00463192942124066 26.730569291678908 0.04141410898953958 0.0164769385140716 0.0025987945301503045 0.3798405857436004 0.014489048002796372 1.7934466910311073 1
4439.887506322183 2832.4480399691834 53.13951433243887 -27.79411568935603 513 27.951202193259657 0.034636762257366456 0.12340939020254549 0.003937092851406592 26.43563630815054 0.026795360307986772 0.01688485938523497 0.002209250184294214 0.49839601408614476 0.012300544140649072 1.515565885109119 1
4333.641140581747 2836.9209868444254 53.141182438220554 -27.794053830645332 514 29.07413096203309 0.08950570644859449 0.043870915649012555 0.0036167424681878674 27.33180872031858 0.056184046151753306 0.015987264901652178 0.002029484664913803 0.21832606912218727 0.011298187292706872 1.7423222417145112 1
1363.145821742297 2839.675701871249 53.18781990142752 -27.79401488537471 515 27.088215616289798 0.04720516546813978 0.27323909431774684 0.011880166399220678 25.485670307819166 0.03374359959355914 0.02252515843724246 0.0066660731382657094 1.1955313268251297 0.03715716164128549 1.6025453084706314 1
1384.877655550495 2839.446571230036 53.187478707446786 -27.794018129619673 516 26.343859028597922 0.022682127225770243 0.5423572777593872 0.01133076980377713 24.81187244494959 0.017391413770274453 0.02451203446908902 0.006353293546666206 2.223720018317802 0.03562092193774264 1.531986583648333 1
4857.005259159081 2841.7466579649144 53.132965518346246 -27.79398530567001 517 28.274410007919283 0.04715231498015936 0.09163577991440842 0.003979772642513352 27.06207688403089 0.04822383229200795 0.016450952681697023 0.0022332446726697915 0.27989705570061973 0.012432263676092374 1.212333123888392 0
1350.5621638597456 2843.7976883041874 53.188017454245895 -27.793957599357345 518 29.851051130400013 0.6324134156215644 0.02144907814614487 0.012493953000218595 27.721499022353928 0.2790089940552027 0.022088958808545313 0.007007774071010084 0.1524858253308301 0.039186623130913 2.1295521080460844 9
1346.3551538564882 2848.559953957698 53.18808348962992 -27.793891444616488 519 28.493476739155046 0.14547473813255385 0.07489251033120474 0.010034971289050006 26.8152704845642 0.09715731581403189 0.0230678429038529 0.005629350290072099 0.3513345740439463 0.03144029121007282 1.6782062545908474 1
1350.5266507130111 2847.674823038934 53.1880179991495 -27.793903750166628 520 29.599559338714133 0.6282168347501824 0.027039916625655996 0.015646063216798786 27.57713885264418 0.30557101822759863 0.023421163650324747 0.008777110126370932 0.17417007650450056 0.049020288866407837 2.0224204860699544 9
4627.371752039958 2847.806944520972 53.13657083536668 -27.793901853805245 521 29.072982111708487 0.09254913268806078 0.043917361360542875 0.00374368030198618 27.404502746185198 0.062191191698964365 0.016268816865271048 0.0021006946708938467 0.20418695149842675 0.011696260332564977 1.6684793655232895 1
1712.1367637688852 2855.269500724489 53.18234062477937 -27.793799197159903 522 28.07940147645858 0.04280559792190051 0.10966511366090556 0.004323736539954169 26.43087117878162 0.029325529322702555 0.015804649035378197 0.002425943254384623 0.5005882046836648 0.013521243506539412 1.6485302976769631 1
2728.126978233202 2858.0776771903197 53.16638937636471 -27.79376156187034 523 29.64523754701509 0.26095150970440445 0.02592591332999533 0.00623137719805455 27.99828125074789 0.1788195343173176 0.018430408524550697 0.003497014989680065 0.1181725435401978 0.019463534314222257 1.6469562962671986 1
1344.7543576855717 2858.289766764587 53.18810859057898 -27.79375630370254 524 29.812999875627572 0.5628265182417981 0.022214121014190263 0.011515792931950507 27.459334658420747 0.201268190171436 0.029464673799500893 0.006462336166500062 0.1941311468967578 0.035988233021843626 2.3536652172068244 1
5219.0283172301015 2860.749963528123 53.12728176196692 -27.79372004769847 525 28.641629118355848 0.06995547943026693 0.06533974516381857 0.004210070184016205 26.888724257014008 0.04351508506781086 0.016711246999430246 0.0023622883473543486 0.32835178446807745 0.013160408799204095 1.7529048613418396 1
1338.5719292806577 2861.9848574544476 53.18820564371904 -27.793704965046302 526 29.735137346054568 0.4496413714015825 0.023865698249651415 0.00988395071422088 27.32487052760852 0.15277054030328055 0.024542061461691272 0.005545842235679609 0.21972570804505498 0.030917947072454568 2.410266818446047 1
1334.4603464321995 2862.170994310463 53.18827019570265 -27.79370236783246 527 29.314207696629257 0.2768272930084115 0.035167865113693214 0.008966956710240991 27.265006370552545 0.13118040944705522 0.021287053574243903 0.005031205395668138 0.23218092412629188 0.028053411340777958 2.0492013260767123 1
1356.9954099406282 2862.362595312836 53.187916390497364 -27.793699772000156 528 26.656989358654418 0.03499963406672841 0.40647453246809023 0.01310349073761414 25.437997481748514 0.0356243618294112 0.024614591935747547 0.007352367592048436 1.2491945791821149 0.04098900219593139 1.2189918769059034 0
2336.582899179709 2861.9239891254288 53.17253668877779 -27.793707830940093 529 28.501317469986528 0.0634060347587686 0.0743536162538562 0.0043423302722963505 26.9598905597249 0.04792256689269539 0.016225825442836204 0.0024365141061800594 0.3075196415531546 0.013573851518051724 1.5414269102616274 1
1337.7350056816085 2863.9567041821556 53.18821877708202 -27.79367757585286 530 29.63017238099719 0.4146008111410342 0.026288156481876296 0.010038768537154229 27.537244010468033 0.18868566033495937 0.023728935603509867 0.005632712858343607 0.18068890227989054 0.03140223343638214 2.092928370529158 1
3601.4421107587486 2864.5114062596294 53.152678168702664 -27.793671915664973 531 28.383857052120288 0.05274742348367003 0.08284880771245882 0.004025109280212041 26.942737151650814 0.04367944485777711 0.016280785696768524 0.0022588105291572913 0.3124166872607135 0.012569022256473916 1.4411199004694737 1
5639.568827753494 2865.66716617309 53.12067922643297 -27.793649924131703 532 28.908136932167036 0.07611656122980957 0.051118053808726645 0.0035837989064019912 27.495960585021106 0.06478451510475781 0.015989887719489122 0.0020108851572031385 0.18769160567396714 0.011199695738068869 1.4121763471459303 1
1335.4078505232076 2867.2339278079185 53.18825530303051 -27.793632052082263 533 29.555655237181316 0.35850253703143997 0.02815574276620543 0.009297140290770249 27.682949962973172 0.199843543990054 0.0216852105892541 0.0052165735780802915 0.1579970937497387 0.02908234241049699 1.872705274208144 1
2535.788257826965 2869.7080572645436 53.169409120970535 -27.793599910564016 534 28.24817298432254 0.05469049766014689 0.09387714858997023 0.004728919568297899 26.713560354129104 0.041551969392067775 0.01655843559552559 0.0026538516729791963 0.38583795048477354 0.014766811005656692 1.5346126301934362 1
