435fw/HST/hst_10086_7d_acs_wfc_f435w_j8wc7d/hst_10086_7d_acs_wfc_f435w_j8wc7d_point-cat.ecsv
# %ECSV 1.0
# ---
# datatype:
# - {name: X-Center, unit: pix, datatype: float64, format: 10.3f, description: Pixel Coordinate}
# - {name: Y-Center, unit: pix, datatype: float64, format: 10.3f, description: Pixel Coordinate}
# - {name: RA, unit: deg, datatype: float64, format: 13.7f, description: Sky coordinate at epoch of observation}
# - {name: DEC, unit: deg, datatype: float64, format: 13.7f, description: Sky coordinate at epoch of observation}
# - {name: ID, unit: '', datatype: int64, format: 7d, description: Catalog Object Identification Number}
# - {name: MagAp1, unit: mag(AB), datatype: float64, format: 7.3f, description: ABMAG of source based on the inner (smaller) aperture}
# - {name: MagErrAp1, unit: mag(AB), datatype: float64, format: 7.3f, description: Error of MagAp1}
# - {name: FluxAp1, unit: electron / s, datatype: float64, format: 10.4f, description: Flux of source based on the outer (smaller) aperture}
# - {name: FluxErrAp1, unit: electron / s, datatype: float64, format: 10.4f, description: Flux of source based on the outer (smaller)
#     aperture}
# - {name: MagAp2, unit: mag(AB), datatype: float64, format: 7.3f, description: ABMAG of source based on the outer (larger) aperture}
# - {name: MagErrAp2, unit: mag(AB), datatype: float64, format: 7.3f, description: Error of MagAp2}
# - {name: MSkyAp2, unit: electron / (pix s), datatype: float64, format: 7.3f, description: Sky estimate from an annulus outside Aperture
#     2}
# - {name: StdevAp2, unit: electron / (pix s), datatype: float64, format: 7.3f, description: Standard deviation of sky estimate from annulus
#     outside Aperture 2}
# - {name: FluxAp2, unit: electron / s, datatype: float64, format: 10.4f, description: Flux of source based on the outer (larger) aperture}
# - {name: FluxErrAp2, unit: electron / s, datatype: float64, format: 10.4f, description: Flux of source based on the outer (larger) aperture}
# - {name: CI, unit: mag(AB), datatype: float64, format: 7.3f, description: Concentration Index}
# - {name: Flags, unit: '', datatype: int64, format: 5d, description: Numeric encoding for conditions on detected sources}
# meta: !!omap
# - h00: [' #==================================================================================================']
# - h01: [' # All refereed publications based on data obtained from the HAP must carry the following footnote: ']
# - h02: [' #                                                                                                  ']
# - h03: [' #     Based on observations made with the NASA/ESA Hubble Space Telescope                          ']
# - h04: [' #     and obtained from the Hubble Advanced Products collection generated                          ']
# - h05: [' #     by the Space Telescope Science Institute (STScI/NASA).                                       ']
# - h06: [' #                                                                                                  ']
# - h07: [' # One copy of each paper resulting from data obtained from the HAP should be sent to the STScI.    ']
# - h08: [' #==================================================================================================']
# - {WCSNAME: IDC_4bb1536oj}
# - {WCSTYPE: undistorted not aligned}
# - {Proposal ID: 10086}
# - {Image File Name: HST_10086_7D_ACS_WFC_F435W_J8WC7D_DRC.FITS}
[...]
# - h10.4: ['the selected aperture. For details, see Whitmore et al., 2016 AJ, 151, 134W.']
# - h10.5: [' ']
# - h11: ['The X and Y coordinates in this table are 0-indexed (i.e. the origin is (0,0)).']
# - h12: [RA and Dec values in this table are in sky coordinates (i.e. coordinates at the epoch of observation]
# - h12.1: [and an undistorted not aligned).]
# - h13: [Magnitude values in this table are in the ABMAG system.]
# - h14: ['Column titles in this table ending with Ap1 refer to the inner photometric aperture ']
# - h14.1: ['(radius = 1.000000000000064 pixels, 0.05 arcsec.']
# - h15: ['Column titles in this table ending with Ap2 refer to the outer photometric aperture ']
# - h15.1: ['(radius = 3.000000000000192 pixels, 0.15 arcsec.']
# - h16: [CI = Concentration Index (CI) = MagAp1 - MagAp2.]
# - h17: ['Flag Value Identification:']
# - h17.1: ['    0 - Stellar Source (0.9 < CI < 1.23)']
# - h17.2: ['    1 - Extended Source (CI > 1.23)']
# - h17.3: ['    2 - Questionable Photometry (Single-Pixel Saturation)']
# - h17.4: ['    4 - Questionable Photometry (Multi-Pixel Saturation)']
# - h17.5: ['    8 - Faint Detection Limit']
# - h17.6: ['   16 - Hot pixels (CI < 0.9)']
# - h17.7: ['   32 - False Detection Swarm Around Saturated Source']
# - h17.8: ['   64 - False Detections Near Image Edge']
# - h17.9: ['  128 - Bleeding and Cosmic Rays']
# - h18: ['#=================================================================================================']
# schema: astropy-2.0
X-Center Y-Center RA DEC ID MagAp1 MagErrAp1 FluxAp1 FluxErrAp1 MagAp2 MagErrAp2 MSkyAp2 StdevAp2 FluxAp2 FluxErrAp2 CI Flags
[from data line 1068]
3358.080133501847 4738.27629320645 53.15650042215595 -27.767647621492813 1069 28.16793858841142 0.04286934670358629 0.10107730369325185 0.0039910822288751 26.919494906761624 0.042403815135464214 0.016252643535719126 0.0022396322624034866 0.3191766564599415 0.012465973967102261 1.2484436816497961 0
3534.038416390959 4742.178912714503 53.15373851109524 -27.767593272585042 1070 28.219862218095646 0.045741950583914504 0.09635720552013799 0.004059654170863263 26.755740863385423 0.03712826107766673 0.016379685775992366 0.0022778305095495894 0.37113570566495985 0.012691925370887633 1.4641213547102225 1
3032.5623471451136 4752.360966092968 53.161609888191734 -27.76745212624225 1071 27.186187839972956 0.01784869637125403 0.24966286369642676 0.004104408813940593 25.543268792175223 0.012279702538569628 0.017212310451127234 0.002303157666606665 1.133761138576176 0.012823293296035241 1.642919047797733 1
3379.5843013650524 4756.669709800832 53.15616289846231 -27.767392142538824 1072 29.06776770922308 0.08461193306629368 0.044128788029258986 0.0034390918845245673 28.219406872734066 0.1210296989382144 0.015388008502690252 0.0019297024587256507 0.09639762510658006 0.010746039923559218 0.8483608364890145 0
2135.028151681329 4758.572164070441 53.175697927556264 -27.767365231799634 1073 28.589222791924914 0.0586696501032454 0.06857091850957125 0.0037054727790501044 27.26959611997349 0.05436395143232484 0.016472644204286492 0.0020792500062627784 0.2312014937602176 0.011576887517602859 1.3196266719514256 1
2896.114735790197 4765.57768792784 53.16375162143997 -27.767268557294123 1074 28.079189911433527 0.034779215669487516 0.10968648493235261 0.00351368694435874 26.874469295300916 0.03583388921599002 0.01565648458438785 0.0019715344811956684 0.33269123985377375 0.010980584905637367 1.2047206161326116 0
3523.3595838858896 4775.897982757185 53.15390616731123 -27.767124962677283 1075 26.795405008729023 0.023616817418328682 0.3578220340725708 0.007783566037530522 25.151067526167086 0.0162378094270281 0.01782768533587662 0.004367608311985731 1.6270543982405505 0.024334345810111395 1.6443374825619372 1
2945.955301335567 4786.9260027559985 53.162969304232476 -27.766972058046 1076 22.586003318109494 0.0006896595245762525 17.275385857544627 0.010973689230344977 21.57012745984947 0.0008479809931759033 0.02060433475793723 0.006155706458159745 44.032982201967734 0.03439175829429996 1.0158758582600242 0
3135.5959084133237 4808.040758699326 53.159992650398486 -27.766678776636176 1077 29.366645320589026 0.19604569855434922 0.03350973207132212 0.006050878541301856 27.501480240620612 0.10995493671845544 0.018225882983289636 0.0033954047668567637 0.18673984217125317 0.018912192621124157 1.8651650799684134 1
4055.2153472120067 4814.343865940011 53.14555805838035 -27.766590227716446 1078 29.157146115266524 0.11430418699473309 0.040641585065307 0.0042788093755799965 27.47042668652075 0.07551102675022003 0.016957340617286598 0.0024011263810874302 0.1921579730775267 0.013364691761375313 1.686719428745775 1
3677.2597054526696 4820.920809807379 53.15149056082886 -27.766499476106905 1079 28.58568976181353 0.07414031881709662 0.06879441452430318 0.00469783533726383 27.095537767390727 0.058714237690703365 0.01824874318756011 0.0026362175721280946 0.2714025830521455 0.014677347122772891 1.4901519944228028 1
4016.0642427861317 4827.869900952159 53.146172612753034 -27.766402439535018 1080 28.92448642828636 0.1211883603056885 0.05035406223715516 0.005620637595331511 26.970200898928187 0.0625644957423532 0.016797963592540537 0.0031542952865274143 0.30461320359165933 0.0175536257522105 1.9542855293581738 1
3539.3511059333255 4839.404856178456 53.153655230270196 -27.766242907277782 1081 27.47969054328316 0.022134632833144516 0.1905253930977122 0.0038843231294173213 26.256828548731978 0.022422089885884188 0.015977611872969436 0.002179632559753474 0.5876214820272014 0.012135674393377902 1.222861994551181 0
4006.3126692924748 4839.49455205737 53.14632569975854 -27.766241003938553 1082 29.397949059226125 0.1919362898782681 0.03255738085920359 0.0057556810263141535 27.7047498749666 0.1261417929032077 0.018104650266468528 0.003229681618252059 0.1548563910229963 0.017991952478733492 1.6931991842595266 1
3634.4053167088246 4868.4931708098775 53.152163276842195 -27.765838800476097 1083 28.440346331534865 0.04550693620784341 0.07864851937021981 0.003296539701411006 27.448527620469424 0.05699965205424148 0.015698395181922304 0.0018498563458484404 0.19607310911978248 0.010293910838188194 0.9918187110654415 0
2850.633057678613 4876.947176072906 53.16446549003134 -27.765721750689593 1084 29.257801252914174 0.13735047101996092 0.03704320734098869 0.004686287166229042 27.61133068796826 0.09416260320876005 0.016545574187074565 0.0026298301821010865 0.16877060548360395 0.01463745008515684 1.6464705649459148 1
3886.627175334211 4887.569285098677 53.148204396892524 -27.765573504848238 1085 27.851451065505433 0.03555394094651792 0.13528469207078753 0.004430232985956194 26.41803163807535 0.02966283304414324 0.016641150957952114 0.0024860716090428256 0.5065431286325391 0.013839462332398435 1.4334194274300813 1
3908.7232610135816 4896.292394912203 53.14785759031451 -27.765452314571444 1086 27.51752429861266 0.031401098647610724 0.1840006529733444 0.005321748784416298 25.99910216290098 0.024244651583490318 0.016873071363331126 0.0029861080486961174 0.7450548025885237 0.01663773979862293 1.5184221357116812 1
2349.0807351574404 4933.558603982607 53.17233785594636 -27.764935144511014 1087 28.509933177454382 0.07021609491285694 0.07376592839523864 0.004770705931228778 26.80766030006995 0.045750103806738995 0.020669449484358504 0.0026770186707033364 0.3538058126577447 0.014908955196204724 1.7022728773844307 1
2348.9913579389886 4952.029041071876 53.1723392355062 -27.764678610624788 1088 29.05827101158628 0.12046863532646548 0.0445164659029158 0.004939520951350648 27.449396655100028 0.08551011158679854 0.018260818517814248 0.0027719109704614615 0.19591623294055904 0.015430431003419377 1.608874356486254 1
2206.194412143472 4985.393353961974 53.17458052368747 -27.76421504013457 1089 28.522486557653973 0.05049096839981011 0.07291795169753468 0.0033910822464208374 27.456844319222984 0.059108152359275426 0.0159973144657531 0.0019028244660916987 0.194576934069498 0.010593242207405892 1.0656422384309892 0
2806.9948870089634 5004.856505529649 53.16515039708179 -27.76394522105826 1090 28.50536549302709 0.05255465639805861 0.07407691482717234 0.0035857850288019666 27.29382661875714 0.05378118051823487 0.01606249125875734 0.0020121445962509132 0.22609889307951492 0.011200023380015176 1.211538874269948 0
3313.5228654789053 5015.410852309121 53.15719999803327 -27.76379855945559 1091 28.96660997211782 0.09224492195390332 0.04843787641623136 0.004115453743785646 27.441251362958926 0.07068430568465156 0.016206163562984273 0.0023095205817648106 0.19739154143835397 0.012851141249510156 1.5253586091588929 1
2352.601155304215 5039.550701647086 53.17228246634448 -27.763463036329576 1092 28.56870753635052 0.05334424283291173 0.06987890148223574 0.0034333951271672642 27.214929094790225 0.047886208619223845 0.015876184670707665 0.0019266086144632518 0.24314057854172338 0.010724031010267795 1.3537784415602943 1
3816.960128612513 5041.680138496943 53.14929815842965 -27.763433184732563 1093 28.151355224186243 0.07376586146335704 0.10263299298398601 0.006973207278277983 26.522254532260302 0.051441667143125404 0.02042583202192974 0.003912789920889454 0.46017950304439326 0.021803813964906087 1.6291006919259416 1
3825.8563960640417 5050.784231485004 53.149158539748804 -27.763306725739838 1094 28.020431567777113 0.05635026173304535 0.11578610816574977 0.006009558349627612 26.42854937167439 0.04065601263082043 0.018752606405780234 0.003372153990262586 0.501659839642287 0.018785565788774217 1.5918821961027234 1
3655.4141310739037 5052.776737939207 53.15183376925559 -27.763279282303184 1095 28.14665499436408 0.03873117918184962 0.10307826166877812 0.003677206062859931 26.669692318557143 0.0310554958409484 0.016049900187868373 0.0020633100574993313 0.4017465502715351 0.011491607553719281 1.4769626758069379 1
3368.2460148815217 5066.223246655236 53.156341110517616 -27.763092796779386 1096 29.382784249146322 0.128696695044707 0.03301531034448177 0.003913568506226517 28.16004054125951 0.1303482806260259 0.015965300926787628 0.0021961253250035347 0.10181525824779475 0.012223859126917976 1.2227437078868135 0
2901.8424515195607 5083.3825130471305 53.16366166833045 -27.762854603180678 1097 29.112403805922494 0.08702674949416775 0.04235137952338405 0.003394771020092078 27.763111506687483 0.07846630905962554 0.01590116529212314 0.001904860810694916 0.14675215282734577 0.01060615250890293 1.3492922992350103 1
2659.565847724267 5104.846394763601 53.16746436276892 -27.762556408903396 1098 28.928513319697178 0.08269038889755329 0.05016764975830509 0.0038209288648710436 27.571139718668437 0.07400380169742501 0.016500167802077574 0.0021440516656643584 0.17513510061228205 0.01193761007273639 1.3573736010287405 1
2989.2027415803122 5136.135366234985 53.16229048594309 -27.76212192995012 1099 29.211890325453826 0.09736622714660934 0.0386431885047543 0.0034655443212887075 27.50737195509905 0.06329196478219994 0.01611119061455029 0.0019445844830757403 0.18572924855743622 0.010827271860294476 1.7045183703547764 1
3153.692533734341 5143.640440968715 53.15970871860512 -27.762017665705038 1100 29.052902780542308 0.10895035246257653 0.04473711474202499 0.004489384193886295 27.629210305004822 0.09172784191302667 0.017662293974588926 0.0025192255116129863 0.16601409476999313 0.014026079617201948 1.4236924755374858 1
3657.174181719778 5156.110359811355 53.15180628448537 -27.761844091401677 1101 28.04733027927426 0.048385793160464124 0.11295279240211085 0.005033904808018217 26.46070805871606 0.035164378725601485 0.018000052764247626 0.0028236850716465735 0.4870189501699562 0.015773895929189628 1.5866222205581977 1
3662.6109779661465 5156.634767259366 53.15172095151415 -27.761836801400722 1102 28.983037329715277 0.12177581160242106 0.0477105201964491 0.005351374522332403 26.736218191972437 0.04829537527249272 0.018513362717547617 0.003000795413903474 0.3778694720908995 0.016808831130743947 2.2468191377428397 1
3616.238733549475 5167.917319359951 53.15244880533765 -27.76168015365885 1103 29.210718441437646 0.11085849955564821 0.03868492035710567 0.0039500342877576535 27.409486291845656 0.06592115793674745 0.01726161103163447 0.002216513703554006 0.20325187793427418 0.012340977384402506 1.8012321495919892 1
3378.2897812583287 5184.197516822816 53.156183560507195 -27.761454258673666 1104 28.426409513593075 0.04928349998554589 0.07966458135561022 0.0036162378134730914 26.827776885872932 0.03530882342612961 0.01655095423622107 0.002029237530674582 0.3473108327418104 0.011295143103309032 1.5986326277201428 1
3678.1920084394483 5201.401991014549 53.15147646096735 -27.761215015484066 1105 28.89858744283052 0.09612435974672086 0.05156964081435368 0.0045658088842664745 27.141275396132674 0.05952719661308298 0.01737656251053761 0.0025620723250982186 0.26020696979357405 0.01426673247766107 1.757312046697848 1
2463.9633865984847 5202.338337047582 53.17053437719202 -27.761202210107008 1106 26.492571274013873 0.05558493749579944 0.4729340400493212 0.024212958511354358 24.4592516268327 0.026751193667624584 0.021836045928460238 0.013584119906157871 3.077006636448346 0.0758161558885473 2.033319647181173 1
3493.530524800968 5206.665488224812 53.15437481942863 -27.761142110171622 1107 28.408483495828417 0.050011838579909235 0.08099079935256656 0.0037307716530149914 26.864724371671787 0.03771797022455703 0.016074911299450642 0.002093296836054238 0.3356907195599605 0.011662128179996971 1.5437591241566295 1
3658.0835225368123 5209.584997067276 53.151792084714906 -27.76110138723666 1108 26.03054649285472 0.005907951900773431 0.7237865134891057 0.003938561212233708 24.619155899599992 0.005035440598102186 0.016160446968747348 0.002209789415761713 2.655624849506855 0.012316699991282883 1.4113905932547297 1
3581.578792172613 5239.1347649658655 53.15299289864883 -27.76069106088559 1109 29.344773280261837 0.14372606697222776 0.03419162735232939 0.004526322301492445 27.57330409057926 0.08793573612262191 0.015917997663983934 0.002539581384931332 0.17478632351189255 0.014156732082697805 1.771469189682577 1
3585.9526403653445 5239.7014257611 53.152924249966105 -27.76068318590701 1110 28.967442239328324 0.09713329224811151 0.04840076076229319 0.004330224960997285 27.363830710330365 0.06929947998913082 0.016412029792983784 0.0024298538129671225 0.21198093311231808 0.013530596327064902 1.6036115289979591 1
2638.387462065707 5306.696049412119 53.167796634490315 -27.759752929942476 1111 28.415486379585392 0.04714677139122366 0.08047009829610674 0.00349443246587072 26.905084599501325 0.03664704055823852 0.015777067819825644 0.001960798767678552 0.3234411286946753 0.010917528010938756 1.5104017800840666 1
3502.3884624424204 5325.429417829545 53.154235914577704 -27.759492603517398 1112 27.993230156892675 0.03190862952876782 0.11872359012115297 0.003489276092383853 26.631270192333073 0.028436216699554977 0.01648668616655327 0.0019579046106330423 0.41621814251220246 0.010901417790147595 1.3619599645596026 1
2604.4351953555743 5328.839361622816 53.168329508297596 -27.759445362561458 1113 29.204115874261962 0.10094725900661175 0.03892088742617705 0.003618823711685984 27.97947455257172 0.10209065381392711 0.016126973187031386 0.0020306164407496953 0.12023731309140334 0.011306167363296697 1.2246413216902425 0
3273.9206452449125 5349.8151344965945 53.1578217872997 -27.759154079011413 1114 29.291348719889786 0.11775780554662318 0.03591613503377188 0.003895556088508031 27.6793674252941 0.08333598003269446 0.016368651869580954 0.0021860152799569057 0.15851928819742578 0.01216759715945253 1.6119812945956866 1
2883.031820629946 5368.064710455723 53.163956860486564 -27.75890068208181 1115 28.441689984672838 0.05853889178976222 0.07855124807497654 0.0042353348171795336 27.18087632874249 0.05733991703826853 0.016733112010422727 0.002376198171482489 0.2508872274583353 0.013250301932782677 1.2608136559303489 1
2891.4363292386583 5369.445812127573 53.1638249501441 -27.758881501478324 1116 28.463227222885227 0.06204134951392082 0.07700841672820685 0.004400576676566591 27.235819210616572 0.06264343320505306 0.01687999795927611 0.002469064178064993 0.23850714808057527 0.013761542414767628 1.2274080122686541 0
3337.9643541247506 5377.5555331990245 53.15681662874472 -27.758768758654956 1117 28.19162230083248 0.057518069776465744 0.09889632724765975 0.005239316432962221 26.54085253874084 0.03935121165886449 0.016776943123562538 0.0029394561897645548 0.4523640338837219 0.016395940724155924 1.6507697620916417 1
2902.3760839851293 5383.611867666673 53.163653246821646 -27.75868475235323 1118 28.829571788050888 0.07539325401146345 0.05495413400712269 0.0038161287502800063 27.66645187592911 0.0807137729816374 0.016805064877214497 0.0021412800005751287 0.16041624022377138 0.011925762177387207 1.163119912121779 0
3087.2565744714966 5425.095948161145 53.16075153288022 -27.75810857939013 1119 28.470970909056202 0.04557312932732747 0.07646113140483654 0.0032095173897268075 27.245661577115545 0.046073010777336734 0.01573005905502463 0.0018008151596193176 0.23635481428005672 0.01003000636050518 1.2253093319406574 0
2790.947661069342 5426.689545048551 53.16540211401129 -27.7580864254743 1120 28.888741013512583 0.07144404241324658 0.05203944764669874 0.003424434470694178 27.711776396562104 0.07547696388650921 0.016215347470967353 0.0019215789928013422 0.15385744815022123 0.010696042237915364 1.1769646169504782 0
