435fw/HST/hst_10086_7d_acs_wfc_f435w_j8wc7d/hst_10086_7d_acs_wfc_f435w_j8wc7d_point-cat.ecsv
# %ECSV 1.0
# ---
# datatype:
# - {name: X-Center, unit: pix, datatype: float64, format: 10.3f, description: Pixel Coordinate}
# - {name: Y-Center, unit: pix, datatype: float64, format: 10.3f, description: Pixel Coordinate}
# - {name: RA, unit: deg, datatype: float64, format: 13.7f, description: Sky coordinate at epoch of observation}
# - {name: DEC, unit: deg, datatype: float64, format: 13.7f, description: Sky coordinate at epoch of observation}
# - {name: ID, unit: '', datatype: int64, format: 7d, description: Catalog Object Identification Number}
# - {name: MagAp1, unit: mag(AB), datatype: float64, format: 7.3f, description: ABMAG of source based on the inner (smaller) aperture}
# - {name: MagErrAp1, unit: mag(AB), datatype: float64, format: 7.3f, description: Error of MagAp1}
# - {name: FluxAp1, unit: electron / s, datatype: float64, format: 10.4f, description: Flux of source based on the outer (smaller) aperture}
# - {name: FluxErrAp1, unit: electron / s, datatype: float64, format: 10.4f, description: Flux of source based on the outer (smaller)
#     aperture}
# - {name: MagAp2, unit: mag(AB), datatype: float64, format: 7.3f, description: ABMAG of source based on the outer (larger) aperture}
# - {name: MagErrAp2, unit: mag(AB), datatype: float64, format: 7.3f, description: Error of MagAp2}
# - {name: MSkyAp2, unit: electron / (pix s), datatype: float64, format: 7.3f, description: Sky estimate from an annulus outside Aperture
#     2}
# - {name: StdevAp2, unit: electron / (pix s), datatype: float64, format: 7.3f, description: Standard deviation of sky estimate from annulus
#     outside Aperture 2}
# - {name: FluxAp2, unit: electron / s, datatype: float64, format: 10.4f, description: Flux of source based on the outer (larger) aperture}
# - {name: FluxErrAp2, unit: electron / s, datatype: float64, format: 10.4f, description: Flux of source based on the outer (larger) aperture}
# - {name: CI, unit: mag(AB), datatype: float64, format: 7.3f, description: Concentration Index}
# - {name: Flags, unit: '', datatype: int64, format: 5d, description: Numeric encoding for conditions on detected sources}
# meta: !!omap
# - h00: [' #==================================================================================================']
# - h01: [' # All refereed publications based on data obtained from the HAP must carry the following footnote: ']
# - h02: [' #                                                                                                  ']
# - h03: [' #     Based on observations made with the NASA/ESA Hubble Space Telescope                          ']
# - h04: [' #     and obtained from the Hubble Advanced Products collection generated                          ']
# - h05: [' #     by the Space Telescope Science Institute (STScI/NASA).                                       ']
# - h06: [' #                                                                                                  ']
# - h07: [' # One copy of each paper resulting from data obtained from the HAP should be sent to the STScI.    ']
# - h08: [' #==================================================================================================']
# - {WCSNAME: IDC_4bb1536oj}
# - {WCSTYPE: undistorted not aligned}
# - {Proposal ID: 10086}
# - {Image File Name: HST_10086_7D_ACS_WFC_F435W_J8WC7D_DRC.FITS}
[...]
# - h10.4: ['the selected aperture. For details, see Whitmore et al., 2016 AJ, 151, 134W.']
# - h10.5: [' ']
# - h11: ['The X and Y coordinates in this table are 0-indexed (i.e. the origin is (0,0)).']
# - h12: [RA and Dec values in this table are in sky coordinates (i.e. coordinates at the epoch of observation]
# - h12.1: [and an undistorted not aligned).]
# - h13: [Magnitude values in this table are in the ABMAG system.]
# - h14: ['Column titles in this table ending with Ap1 refer to the inner photometric aperture ']
# - h14.1: ['(radius = 1.000000000000064 pixels, 0.05 arcsec.']
# - h15: ['Column titles in this table ending with Ap2 refer to the outer photometric aperture ']
# - h15.1: ['(radius = 3.000000000000192 pixels, 0.15 arcsec.']
# - h16: [CI = Concentration Index (CI) = MagAp1 - MagAp2.]
# - h17: ['Flag Value Identification:']
# - h17.1: ['    0 - Stellar Source (0.9 < CI < 1.23)']
# - h17.2: ['    1 - Extended Source (CI > 1.23)']
# - h17.3: ['    2 - Questionable Photometry (Single-Pixel Saturation)']
# - h17.4: ['    4 - Questionable Photometry (Multi-Pixel Saturation)']
# - h17.5: ['    8 - Faint Detection Limit']
# - h17.6: ['   16 - Hot pixels (CI < 0.9)']
# - h17.7: ['   32 - False Detection Swarm Around Saturated Source']
# - h17.8: ['   64 - False Detections Near Image Edge']
# - h17.9: ['  128 - Bleeding and Cosmic Rays']
# - h18: ['#=================================================================================================']
# schema: astropy-2.0
X-Center Y-Center RA DEC ID MagAp1 MagErrAp1 FluxAp1 FluxErrAp1 MagAp2 MagErrAp2 MSkyAp2 StdevAp2 FluxAp2 FluxErrAp2 CI Flags
[from data line 1015]
2498.046686569508 4529.001693544024 53.17000007152553 -27.770554135919664 1016 29.232992147727227 0.20078767965780983 0.03789939040348102 0.007009054673998727 27.150853584118455 0.0923700638635888 0.01958397218430128 0.0039322216233169454 0.25792156185098003 0.021943659519178035 2.0821385636087726 1
2501.8398276528987 4528.780936443129 53.16994053140291 -27.770557205207584 1017 29.17176852215879 0.22967267121015741 0.04009790428179114 0.008482447072237432 27.21284986527012 0.11832235699364901 0.018151260766588496 0.00475906556607495 0.24360664888660422 0.026548874344282297 1.9589186568886703 1
2489.391718900047 4532.031346627786 53.170135924208715 -27.770512049973874 1018 27.905478006247957 0.061031579655322916 0.12871758447570944 0.007235735018854211 26.667383146019308 0.061107301654121815 0.017424628878220758 0.004059239405464675 0.4026019047558603 0.022659957668269663 1.2380948602286495 0
3207.6367332545888 4533.28484987399 53.15886175100997 -27.770494805601558 1019 28.63230302687335 0.13099443508306266 0.06590340792146407 0.00795153328794402 26.61984057690832 0.06419295344899943 0.016533581833062055 0.004461613736810844 0.42062284148414625 0.024869690046032664 2.012462449965028 1
3207.2239352211923 4536.656314620522 53.15886823217859 -27.770447979876653 1020 28.586759255644683 0.12649399641069523 0.06872668262381205 0.008007288150626759 26.588298928330158 0.06289135343376681 0.017914160442623228 0.004491923519768248 0.43302155208345705 0.025083643249994434 1.9984603273145254 1
3207.843256888733 4545.651667685955 53.158858514932376 -27.770323044183982 1021 28.030374185994962 0.10447591900665422 0.11473063816534282 0.011040424482402235 26.155609776836453 0.05812870332903807 0.017809209083778817 0.006194756151707403 0.6450378109338575 0.0345355176824043 1.8747644091585087 1
3214.906314365032 4547.244817875783 53.15874764823001 -27.770300914184002 1022 28.015366421914532 0.10169050286463478 0.11632753218183091 0.010895648194319213 26.189913511220627 0.05924979140470448 0.01567812509435628 0.0061129251800889 0.6249764879255475 0.03410677585192364 1.8254529106939046 1
3857.9261865665108 4572.467337308299 53.14865433544204 -27.76994996534618 1023 26.657105927355577 0.00961565859680664 0.4064308941841097 0.003599613817508745 25.643886569908997 0.011816704893501635 0.015745707797109064 0.0020197980122770368 1.0334142734519136 0.011247629641810503 1.0132193574465802 0
3952.394746122184 4572.583883318793 53.14717148598709 -27.769948191440747 1024 28.11670069490653 0.04700351521926036 0.10596167277139835 0.004587428478187997 26.46139851242533 0.03202819001824811 0.0171477658959152 0.0025736230953273646 0.48670933799953303 0.01435794341079929 1.6553021824812006 1
3618.863729897179 4576.034502424208 53.15240684452841 -27.76990074349396 1025 27.690029363238263 0.04268672886274182 0.1569702458112241 0.00617163702907033 25.717307067288882 0.021710322661401417 0.017452301781175406 0.0034625836354931416 0.9658423776552875 0.019313576180299726 1.9727222959493815 1
3996.733234457741 4576.1910195615255 53.14647552305238 -27.76989801403243 1026 27.6768908670219 0.02742946118852095 0.15888128251277145 0.004014025948481621 26.440718971614427 0.027436457111144986 0.015175516532125698 0.0022525499144048227 0.49606832237968224 0.012536020310553371 1.2361718954074732 0
3411.642190764572 4605.7900611712 53.1556595744299 -27.76948766913352 1027 29.24403697186744 0.1175561378945933 0.037515807168385734 0.004062092107132472 27.97957697292988 0.11459176430433139 0.01583198222442199 0.0022794479860946907 0.1202259713236754 0.012689422648228714 1.2644599989375607 1
3428.018679208203 4608.211847681198 53.155402519994 -27.769454020399564 1028 28.65293053794115 0.24824685323120224 0.06466315170902018 0.014785321849291789 26.55911400339244 0.11283867349560991 0.012990582702008799 0.008296531705558326 0.4448191565842729 0.046230822118822276 2.093816534548708 1
2778.3929569245342 4613.792146085686 53.16559948657585 -27.769376659999686 1029 28.424596420243493 0.047423152590897716 0.07979772602766345 0.0034855482525711834 26.86456916554663 0.035233683611526054 0.015805620430358526 0.001955669663862509 0.3357387100200053 0.010895561835669853 1.5600272546968625 1
3424.171883289591 4612.815124121734 53.15546290604254 -27.769390089068104 1030 28.373526049537336 0.16331847958929588 0.08364089355665774 0.012581839888701736 26.398379102785956 0.08285477088824479 0.015100991543592283 0.007059527902240081 0.5157953737312242 0.03936272222134768 1.97514694675138 1
3423.0844354062556 4616.155700811086 53.15547997833516 -27.7693436930356 1031 28.751146372420674 0.239102230461457 0.059070484732548535 0.013009012299891126 26.542568133799723 0.0977940767709928 0.014318935274558617 0.007299632005555585 0.4516498082038774 0.04068221057114687 2.2085782386209516 1
3434.7894562104207 4620.526824831768 53.15529625252637 -27.76928297364096 1032 27.949994588155743 0.10624504924337999 0.12354672809219383 0.01209010611588248 26.258222083817916 0.069974634774922 0.01802734444967248 0.0067836155873410055 0.5868677576272694 0.03782431334728342 1.6917725043378269 1
3431.2226822638886 4624.926402262289 53.15535224295095 -27.76922187128356 1033 28.740398141775646 0.22958350235457367 0.05965815620830024 0.012615389560944847 26.796003888986636 0.11995662281786812 0.01366585341916568 0.007077230543077307 0.3576247177620772 0.03951317433815237 1.9443942527890101 1
3113.6196187568758 4629.864677036477 53.16033754813356 -27.769153449690343 1034 29.434051840120194 0.19105637988229165 0.031492587712133466 0.00554191747389312 27.4767565330413 0.09846537546835449 0.01786526974458183 0.0031096623723931675 0.19104095059416415 0.0173260743576363 1.957295307078894 1
3116.6706647688725 4631.267601922535 53.16028965735377 -27.76913396388597 1035 29.43521409771041 0.17860911307130492 0.031458893602244936 0.005175320147832289 27.517253137261992 0.09545927601215957 0.019209162571415722 0.002903880637374415 0.1840466126607455 0.016182146446610597 1.9179609604484185 1
3115.5668502119775 4638.65534165028 53.16030698556141 -27.76903135667586 1036 28.784884729772987 0.13410934706998298 0.05726314435917685 0.007073337847640588 27.39173485047481 0.11611639123263366 0.017082089880260373 0.003969487088022769 0.20660229594628365 0.022096263263939424 1.3931498792981785 1
3254.613888603358 4640.768721065358 53.15812441797987 -27.769001953240256 1037 22.41165181807708 0.0007124532123509643 20.28468913261134 0.013311128243593668 21.404884497582128 0.0008840716033604147 0.020286784022488395 0.00746613186298664 51.27141278846878 0.041749654702454876 1.0067673204949514 0
1971.8142231214208 4645.785785877568 53.17826002306734 -27.768931441326675 1038 27.361268764234868 0.01720517261501588 0.21248172231572976 0.003367214433064384 26.225341997216088 0.01888896780375994 0.015811901885209624 0.0018892908101299532 0.6049121181487713 0.010524238301387464 1.1359267670187805 0
3718.737341895702 4646.739119305131 53.15083925869467 -27.76891861285854 1039 28.658493912308 0.06558481261662988 0.06433266147247654 0.0038861983492690967 27.0883114610554 0.04834784634528842 0.01589343380383266 0.0021800655361000044 0.2732149748484381 0.012166671846001773 1.5701824512525988 1
4131.114021161062 4650.14859659372 53.14436635297111 -27.768870567065946 1040 28.168734067757025 0.04463637817913238 0.10100327515909692 0.004152547100794341 26.597896740972192 0.032804525635710804 0.015882548484135957 0.002330299970123444 0.42921054889826316 0.012968636321682396 1.570837326784833 1
3448.723957000565 4660.519578190187 53.15507756514973 -27.76872750738168 1041 28.956109927284754 0.08339607614226914 0.04890858663828027 0.0037568243670413446 27.48487753586414 0.06723161912459584 0.016828688316021585 0.002107957125794288 0.18961734848182227 0.01174199258777345 1.4712323914206138 1
1861.7111986226807 4662.840018008814 53.17998822868546 -27.768694369824612 1042 28.224208071892168 0.049636460872308684 0.09597228939315935 0.004387698984332172 26.85348239549899 0.04393886057554154 0.016089396702099433 0.0024616967437009227 0.3391845997694709 0.013726982443254713 1.370725676393178 1
1875.5380513149996 4671.814849051851 53.17977117465438 -27.768569746622227 1043 28.815403970528262 0.09079374490685231 0.05567593196311011 0.004656006598609085 27.048185435080324 0.055752828414247786 0.017681725879406765 0.0026124537899468625 0.28350120530167544 0.014558343975699313 1.7672185354479382 1
2724.2782673029114 4677.207433120417 53.16644887476972 -27.768495870486742 1044 29.604443472827715 0.20897336600327554 0.026918551992276107 0.005181229085161754 27.833914163010906 0.127862786575114 0.019594302534903976 0.0029074114631908988 0.13748756439262988 0.016191897487949778 1.7705293098168084 1
2722.5429128474893 4681.232371731037 53.16647611177305 -27.768439967786794 1045 28.785185556485185 0.0918696193801506 0.0572472805635926 0.004844142834969094 27.421540317959003 0.08175624200896708 0.019399404080756286 0.0027182823230985074 0.20100782136759454 0.01513645029881577 1.363645238526182 1
2012.6616359170134 4689.362663265244 53.17761877293326 -27.768326278451735 1046 27.694444992959507 0.02655833098018221 0.15633315280198853 0.0038242125958281394 26.04775968819808 0.018233243448467613 0.016685316332576562 0.0021454953838397576 0.7124021285230691 0.011964079803414967 1.6466853047614265 1
2927.5280983351186 4689.441970276099 53.163258553531996 -27.768326001334447 1047 28.691759050135307 0.06631052173724311 0.062391505266470644 0.003810641306246311 27.368456778398315 0.061236442354967106 0.015948385240978934 0.002138277620495903 0.21107965336290463 0.011905468384879752 1.323302271736992 1
1945.6806895799655 4697.798088406633 53.17867012315339 -27.768209001147547 1048 29.661029856219773 0.2026514770528892 0.025551543579426877 0.004769326745281499 28.233130779751665 0.17007073703985773 0.019116177516876623 0.002676096799098909 0.09518680983099304 0.014910648341558218 1.4278990764681083 1
1967.4930202685648 4698.129431003649 53.17832774519211 -27.768204438678328 1049 28.502619170715274 0.13590951039033036 0.0742645263255292 0.009296541781590194 26.541979781216344 0.0698576279253523 0.019329129815935257 0.005216337174727282 0.4518946202877686 0.029076435705564424 1.9606393894989296 1
1973.7760682587618 4698.221831528356 53.17822912313535 -27.768203166562465 1050 28.5482016708032 0.15466821708855868 0.07121121821555247 0.01014471047075969 26.66478378432191 0.08533642715756379 0.018857099374549255 0.005692481717316997 0.4035669289384597 0.03172051195961922 1.8834178864812898 1
1964.046661973515 4699.985939311059 53.17838183718362 -27.76817864765965 1051 28.50587432793041 0.15946561077408197 0.07404220649881821 0.01087518253881804 26.789729629255245 0.10255599772337505 0.021180534057420534 0.006103055247914012 0.35969734479017046 0.03397726818955952 1.7161446986751656 1
1968.6438179137795 4702.927586304492 53.17830967198126 -27.768137799707734 1052 28.757050242289704 0.20527446829823182 0.05875015094248821 0.011107954312572653 26.95393254466997 0.12187004017007048 0.022716637007866705 0.0062335759468170986 0.3092118049008865 0.0347090863814415 1.803117697619733 1
1958.6703203324 4704.120269065304 53.178466218463896 -27.768121216732233 1053 30.295808923010117 1.0701805203022876 0.014239853275985023 0.014036302466539455 28.3080479088007 0.5359258851185522 0.023875058501908165 0.00787709287803793 0.08884028030424429 0.04385355609858376 1.9877610142094184 9
1938.8718744456987 4705.041187846633 53.178776982636215 -27.768108390059794 1054 29.530829229256636 0.17313846372186578 0.02880695750468624 0.0045938955207354215 27.72525463682803 0.1026411464278643 0.019739154940438604 0.002577549711376387 0.15195928062253328 0.014366100003178004 1.8055745924286057 1
1953.8316338513516 4705.331893375126 53.178542166365006 -27.76810437985291 1055 28.87453064783988 0.20394789093807864 0.05272502866524472 0.009904355158815877 27.118094140790593 0.1265215313669717 0.018424544613678137 0.005557397412007818 0.26582230977717136 0.030977476010420234 1.7564365070492869 1
1934.7796731052251 4707.799168311055 53.178841210051665 -27.76807007722803 1056 28.761555185634993 0.09149338148558267 0.05850688947448058 0.004930453309591482 27.36696926021202 0.07918701853674368 0.01868961069137893 0.00276646752772889 0.21136904226624798 0.015416490990173282 1.394585925422973 1
1953.0824383444071 4709.709486581366 53.17855391710307 -27.768043578599116 1057 28.999476998816615 0.2547342320216506 0.046993553276204705 0.011025943358001774 26.87615776081365 0.11277764397030178 0.021722389900303903 0.006186271840804287 0.3321742624148577 0.03450477176266042 2.1233192380029635 1
2671.2244799704367 4710.695940823791 53.16728161526775 -27.76803072601114 1058 28.992898032704314 0.09645317757674908 0.04727917291867975 0.004200263849320479 28.033512819207264 0.12449223779262113 0.01696472721619638 0.0023570826164511396 0.11439945513174804 0.013117660653594793 0.9593852134970504 0
1955.4744324588924 4711.879302690201 53.17851636676988 -27.76801344661333 1059 29.241584769040923 0.2956479852446312 0.03760063471304635 0.01023906410318826 27.333849896962466 0.15955148026998278 0.025115327863999594 0.005745211174794583 0.2179160031858629 0.03202433534385438 1.907734872078457 1
1965.9952188133468 4711.9575185294025 53.17835122736523 -27.76801237926203 1060 28.971441151179906 0.2632407273896311 0.04822282216522797 0.011692190092618068 27.357857724691538 0.18619212629645693 0.023502345058332264 0.006560965305240374 0.21315032235630849 0.03655421547416072 1.6135834264883684 1
1959.1110069017848 4714.364291692118 53.17845928029646 -27.767978939467223 1061 28.165679903713492 0.1051591728846494 0.10128779625479727 0.00981057463154036 26.598717534660185 0.07763274609908852 0.02468282793616426 0.005505187251109632 0.42888619738616995 0.03066741573831085 1.5669623690533072 1
1962.9751242474101 4716.039272566552 53.178398623889436 -27.767955682817767 1062 29.12220721337353 0.2883472987238132 0.04197069862253257 0.011146852328781922 27.466343858906445 0.19618742855006355 0.02432377656481953 0.006254829425659894 0.19288192871438137 0.034854020086811405 1.6558633544670869 1
1953.8862446858634 4717.736605986846 53.17854128368563 -27.76793209231411 1063 28.16925202795048 0.10319386983383028 0.10095510213247744 0.009595604373694314 26.73914233898694 0.08649914012240999 0.02349081114197788 0.005383839197792308 0.3768531485335733 0.030024383624000124 1.4301096889635403 1
1948.5266595456815 4718.349834213025 53.17862540894329 -27.76792356549804 1064 28.995332981965777 0.22549882531699703 0.047173260089856894 0.009797839860583869 27.29956940137978 0.14799281971091888 0.020038493813505864 0.005497312325420309 0.22490614577580814 0.030657174803055 1.6957635805859965 1
1972.7130578638144 4718.953265688477 53.17824576687623 -27.76791522814432 1065 29.547918957247337 0.2507576281007325 0.028357079500328473 0.006549464857111791 27.799893648315194 0.15685794713446582 0.01887027944391924 0.0036745815501482487 0.14186381161087513 0.02049596229340745 1.7480253089321423 1
1948.1320267451224 4727.406146750435 53.17863158457408 -27.76779778268634 1066 29.625638723528912 0.30797098593472155 0.026398156197664294 0.007488133177722622 27.72136643675019 0.1668023782934831 0.019855122749986583 0.004201343044019627 0.15250444740459712 0.023430141408695038 1.9042722867787205 1
1942.8816546020382 4729.179330728162 53.178713993056974 -27.76777314552317 1067 28.887019160009185 0.11002802792763385 0.05212204173679125 0.005282200850935768 27.18725248393608 0.07186536053662616 0.020586778489789605 0.0029640240008764382 0.24941817094061092 0.01650964979186963 1.6997666760731036 1
