435fw/HST/hst_10086_7d_acs_wfc_f435w_j8wc7d/hst_10086_7d_acs_wfc_f435w_j8wc7d_segment-cat.ecsv
# %ECSV 1.0
# ---
# datatype:
# - {name: X-Centroid, unit: pix, datatype: float64, format: 10.3f, description: Pixel Coordinate}
# - {name: Y-Centroid, unit: pix, datatype: float64, format: 10.3f, description: Pixel Coordinate}
# - {name: RA, unit: deg, datatype: float64, format: 13.7f, description: Sky coordinate at epoch of observation}
# - {name: DEC, unit: deg, datatype: float64, format: 13.7f, description: Sky coordinate at epoch of observation}
# - {name: ID, unit: '', datatype: int32, format: 7d, description: Catalog Object Identification Number}
# - {name: CI, unit: mag(AB), datatype: float64, format: 7.3f, description: Concentration Index}
# - {name: Flags, unit: '', datatype: int32, format: 5d, description: Numeric encoding for conditions on detected sources}
# - {name: MagAp1, unit: mag(AB), datatype: float64, format: 7.3f, description: ABMAG of source based on the inner (smaller) aperture}
# - {name: MagErrAp1, unit: mag(AB), datatype: float64, format: 7.3f, description: Error of MagAp1}
# - {name: FluxAp1, unit: electron / s, datatype: float64, format: 10.4f, description: Flux of source based on the inner (smaller) aperture}
# - {name: FluxErrAp1, unit: electron / s, datatype: float64, format: 10.4f, description: Error of FluxAp1}
# - {name: MagAp2, unit: mag(AB), datatype: float64, format: 7.3f, description: ABMAG of source based on the outer (larger) aperture}
# - {name: MagErrAp2, unit: mag(AB), datatype: float64, format: 7.3f, description: Error of MagAp2}
# - {name: FluxAp2, unit: electron / s, datatype: float64, format: 10.4f, description: Flux of source based on the outer (larger) aperture}
# - {name: FluxErrAp2, unit: electron / s, datatype: float64, format: 10.4f, description: Error of FluxAp2}
# - {name: MSkyAp2, unit: electron / (pix s), datatype: float64, format: 7.3f, description: Sky estimate from an annulus outside Aperture
#     2}
# - {name: Bck, unit: electron / s, datatype: float32, format: 10.4f, description: Background at the position of the source centroid}
# - {name: Area, unit: pix2, datatype: float64, format: 8.3f, description: Total unmasked area of the source segment}
# - {name: FWHM, unit: pix, datatype: float64, format: 8.3f, description: Circularized FWHM of 2D Gaussian function having the same second-order
#     central moments as the source}
# - {name: MagSegment, unit: mag(AB), datatype: float64, format: 7.3f, description: Magnitude corresponding to FluxSegment}
# - {name: FluxSegment, unit: electron / s, datatype: float64, format: 10.4f, description: Sum of unmasked data values in the source segment}
# - {name: FluxSegmentErr, unit: electron / s, datatype: float32, format: 10.4f, description: 'Uncertainty of FluxSegment, propagated
#     from the input error array'}
# - {name: KronRadius, unit: pix, datatype: float64, format: 8.4f, description: The unscaled first-moment Kron radius}
# - {name: Xmin, unit: pix, datatype: int64, format: 8.0f, description: Minimum X pixel within the minimal bounding box containing the
#     source segment}
# - {name: Ymin, unit: pix, datatype: int64, format: 8.0f, description: Minimum Y pixel within the minimal bounding box containing the
#     source segment}
# - {name: Xmax, unit: pix, datatype: int64, format: 8.0f, description: Maximum X pixel within the minimal bounding box containing the
[...]
# - h10.5: [' ']
# - h11: ['The X and Y coordinates in this table are 0-indexed (i.e. the origin is (0,0)).']
# - h12: [RA and Dec values in this table are in sky coordinates (i.e. coordinates at the epoch of observation]
# - h12.1: [and an undistorted not aligned).]
# - h13: [Magnitude values in this table are in the ABMAG system.]
# - h14: ['Column titles in this table ending with Ap1 refer to the inner photometric aperture ']
# - h14.1: ['(radius = 1.000000000000064 pixels, 0.05 arcsec.']
# - h15: ['Column titles in this table ending with Ap2 refer to the outer photometric aperture ']
# - h15.1: ['(radius = 3.000000000000192 pixels, 0.15 arcsec.']
# - h16: [CI = Concentration Index (CI) = MagAp1 - MagAp2.]
# - h17: ['Flag Value Identification:']
# - h17.1: ['    0 - Stellar Source (0.9 < CI < 1.23)']
# - h17.2: ['    1 - Extended Source (CI > 1.23)']
# - h17.3: ['    2 - Questionable Photometry (Single-Pixel Saturation)']
# - h17.4: ['    4 - Questionable Photometry (Multi-Pixel Saturation)']
# - h17.5: ['    8 - Faint Detection Limit']
# - h17.6: ['   16 - Hot pixels (CI < 0.9)']
# - h17.7: ['   32 - False Detection Swarm Around Saturated Source']
# - h17.8: ['   64 - False Detections Near Image Edge']
# - h17.9: ['  128 - Bleeding and Cosmic Rays']
# - h18: ['#=================================================================================================']
# schema: astropy-2.0
X-Centroid Y-Centroid RA DEC ID CI Flags MagAp1 MagErrAp1 FluxAp1 FluxErrAp1 MagAp2 MagErrAp2 FluxAp2 FluxErrAp2 MSkyAp2 Bck Area FWHM MagSegment FluxSegment FluxSegmentErr KronRadius Xmin Ymin Xmax Ymax X2 Y2 XY CXX CYY CXY Elongation Ellipticity Theta
[from data line 477]
3899.0024351911366 2444.3853303443857 53.14800209569267 -27.799503685037422 478 1.880289348911333 1 28.14077264796033 0.04243904492584211 0.10363823889158869 0.004051126348305507 26.260483299048996 0.02347314870306759 0.5856467857308955 0.012661853264193487 0.016458270040779183 0.01452703 66.0 5.189845240963123 25.63826821884125 1.038775734603405 1.0193672 3.7042198059070786 3892 2441 3905 2448 7.444145066166622 2.2704200292973313 0.9734082891678135 0.14231206797528817 0.4666060310444318 -0.12202829857753815 1.9080624270550368 0.4759081328678374 10.310387028506133
2751.3777888792056 2443.7407648833896 53.16602097560462 -27.799513342100102 479 1.6687332419992131 1 29.393930207425324 0.14344983848698573 0.03267811529299237 0.004317647932982272 27.72519696542611 0.0963858378997686 0.1519673525072749 0.013491296495185769 0.016991678320202 0.01452703 23.0 3.3816811808073326 27.352029723707712 0.21429754421114922 0.46304846 3.8195005754619555 2748 2442 2755 2446 2.750776385975175 1.3738049184558385 -0.7597303480974943 0.42906733311521583 0.8591236441730794 0.47455860721664067 1.7255094895536842 0.42046102553822673 -23.908190237087616
3831.324639230475 2446.0748042043674 53.14906470908768 -27.799480326553148 480 1.8717862649092467 1 28.9653276621972 0.08700779078199304 0.04849511781849358 0.0038863894861375994 27.093541397287954 0.04848968560650682 0.27190207679163014 0.012143728672176862 0.017927626688224056 0.01452703 47.0 4.380023384982096 26.36633952416999 0.5312430653721094 0.7290273 3.8327674174278363 3828 2442 3836 2451 3.192320172123516 3.7270633985822483 0.734328197244559 0.32812290960049517 0.2810452281686364 -0.1292974542763221 1.2584086641847463 0.20534558569028527 55.003376087061184
2138.9159043696786 2447.0014691183246 53.17563724825264 -27.799467473918394 481 1.902925065781126 1 29.84946980977975 0.2564849230832485 0.021480340418921245 0.005074498904070193 27.946544743998626 0.13880878072624953 0.12393991274413274 0.01584595023609728 0.01791576643618161 0.01452703 18.0 3.0001692295841056 27.61781412937022 0.1677657999098301 0.40970337 3.9133815884103433 2137 2445 2142 2449 2.1027282679243053 1.1437018044277152 0.09644068543389146 0.47741901782688434 0.8777484310532931 -0.08051507331745225 1.3647568535376509 0.2672687465112539 5.685867672641249
5060.032622169972 2447.319495248622 53.129772750560235 -27.799459840813515 482 1.2656394193633602 1 28.192301553526132 0.04037118504562259 0.09883447558632981 0.0036751081355648786 26.926662134162772 0.03930525551870021 0.31707662728633645 0.011479025379476029 0.016499422780061897 0.01452703 21.0 2.635854029707996 26.838791614059286 0.3438051976263523 0.5864396 3.6414955230728716 5058 2445 5062 2449 1.3849468271185041 1.120915802343286 0.04086059116861356 0.7228267688249269 0.8930881676818565 -0.05269821163184927 1.1171126933840378 0.10483516486530264 8.599002644474934
3663.3533970070057 2451.4861840381554 53.15170203601329 -27.799405397521742 483 2.0729205800452064 1 29.939239066899223 0.22794485046513738 0.019775772480792285 0.004151962329342153 27.866318486854016 0.10558037779625332 0.1334448103869904 0.012977022654147402 0.01773863429798908 0.01452703 35.0 6.3236898969226045 26.7955794361994 0.3577645532786846 0.59828216 3.8885273793028072 3660 2447 3670 2456 9.73525140546217 4.687751036867847 5.542617594533394 0.31428037098769085 0.6526793763798899 -0.7431861889221592 3.4441488247916885 0.7096525002631143 32.75927217669153
2075.4743845486823 2451.2075489197023 53.176633336941414 -27.799408957945126 484 1.5114287646369604 1 28.78098571162322 0.09546384409320298 0.05746915334570771 0.00505316965567193 27.26955694698626 0.07419356024054033 0.23120983558073582 0.015800203430381087 0.01798409438924864 0.01452703 36.0 4.313059497477366 26.617132424230153 0.4216733109205961 0.64950395 3.787165277021738 2071 2448 2079 2455 3.8739197392867974 2.8355074756345915 2.0411890518392353 0.4158809064700278 0.5681837436898883 -0.598758113283136 2.0913823652093124 0.5218473596051783 37.86431955235799
4705.2826728058 2453.4109385502707 53.13534270483743 -27.799376436035526 485 2.413796467065197 1 30.09320434328465 0.2777284450080012 0.017161187894708683 0.00438993278851209 27.679407876219454 0.09397747898395167 0.15851338240519164 0.013720814279873804 0.01623216933887644 0.01452703 19.0 3.7741357341317703 27.569290272865405 0.1754336804151535 0.41896275 3.8773069322712317 4702 2450 4707 2456 2.296102422995775 2.841370879623571 1.4771616408882002 0.6543813295125007 0.5288033910081835 -0.6803948089996248 1.9536028618268948 0.4881252379693697 50.228594143284745
2910.176759428936 2455.7482496328457 53.163527667595226 -27.79934661332532 486 1.7027587633292995 1 28.401012947669525 0.05822948223678232 0.08154998858664828 0.004373780613259682 26.698254184340225 0.037913056347584344 0.3913158237321093 0.013664897186015329 0.01760859786197036 0.01452703 57.0 4.528029682806469 26.01502366838422 0.7342088520526886 0.85702807 3.7714158523125043 2906 2451 2914 2461 3.3452137671381688 4.049699385294142 -0.3390399532052311 0.3014927434055916 0.2490450722330309 0.05048181402656093 1.1422554597691068 0.12453909373115368 -68.04708145522193
4323.811939855631 2453.8174368996774 53.14133217836676 -27.799371829835017 487 1.6764464735634448 1 28.476662318863536 0.05678756772613855 0.07606137219938006 0.00397839212039728 26.80021584530009 0.03787621961656478 0.3562400520209735 0.012427951042242657 0.016454890799724446 0.01452703 29.0 3.218444978768621 26.596796863624608 0.42964556999504566 0.6555854 3.746224502747308 4321 2451 4326 2457 1.521549253485167 2.21444952566053 0.07896867372639081 0.6584435059580978 0.4524168256460325 -0.04696102556120016 1.2123593550908147 0.17516205422022535 83.57978452452437
2208.161181333403 2453.1812491951787 53.17455001748609 -27.799381742672967 488 -9999.0 24 31.038386492402882 0.9691676296685933 0.007185789431126896 0.0064145109240700765 -9999.0 -9999.0 -0.04741974931073556 0.020043414527459606 0.02193574595929413 0.01452703 6.0 1.5700483428747283 28.84119258365735 0.054369088262319565 0.23323686 3.8259394771864015 2207 2452 2209 2454 0.44524263132091213 0.44383687015391776 0.12461759561464407 2.4375183433551237 2.4452386767959595 -1.3687807194123651 1.3338165942641915 0.25027173578414175 44.83841903028545
4951.747283915105 2454.9672413267763 53.131472970150014 -27.799354011684617 489 1.4747166101800957 1 28.185459112666504 0.04289914188739365 0.09945930922399648 0.00392992448965864 26.710742502486408 0.03445963031467722 0.3868406306834865 0.01227814785304368 0.01695145912417749 0.01452703 35.0 3.597731732242388 26.381080045690826 0.5240793712437153 0.7240555 3.7127942050438447 4949 2452 4954 2459 1.7436754755639972 2.9247679590351026 0.9249919966790857 0.6891153039348535 0.41083377284516165 -0.4358815125553454 1.6657260781451093 0.39966119692767077 61.2777702603103
2143.8810728888225 2454.6562474149023 53.17555927723406 -27.799361164941814 490 1.0278397507041888 8 30.00262879583612 0.295581873712452 0.018654240230193415 0.0050786177396359685 28.97478904513193 0.3583373274170269 0.048074354940881636 0.015867031285634214 0.01856754067651674 0.01452703 9.0 1.93093757296604 28.425758323150088 0.07971237599849701 0.2824144 3.935748822254175 2143 2453 2145 2456 0.5213000438674891 0.8234792523852814 -0.15122844077658412 2.0262291806440857 1.282695778546646 0.7442166363201934 1.390050223319525 0.2806015327907083 -67.48684374605284
2159.886037190786 2453.879697756699 53.17530798455505 -27.79937197385765 491 1.797676678720606 9 30.470911451374928 0.4853151103282136 0.012118936310802554 0.005417245014956005 28.67323477265432 0.28969065920164233 0.06346513009021837 0.016934010658702536 0.01823632645195928 0.01452703 8.0 1.8376994137079472 28.642415054009764 0.065292464569211 0.25560305 3.9137357429519413 2159 2453 2161 2455 0.6095838186917448 0.6084616519737989 -0.13371355483736297 1.7235454993678785 1.7267241802099362 0.7575215131366766 1.2500578240734415 0.20003700569514649 -44.879789600305244
2320.540051096462 2454.883848082711 53.172785554169856 -27.799358238068354 492 1.1701989563366837 0 29.197536979969268 0.13339924487190027 0.03915744004784264 0.00481124890255035 28.027338023632584 0.14184815315157748 0.11505192095016081 0.015031686933150589 0.016162862703457577 0.01452703 8.0 1.8316963523460805 28.2741212851942 0.091660151258111 0.3028211 3.797360059951285 2319 2454 2322 2456 0.6630950690938479 0.547005621385617 0.15649784928139115 1.617282498835952 1.960513765093264 -0.9254063316831416 1.3273794977719549 0.246635945727255 34.82514421886335
4699.110285871782 2456.8334428055737 53.13543962929652 -27.799328920137587 493 1.5791242904334055 1 29.509719247829732 0.1804988879317839 0.029372531926431827 0.004883217600130572 27.930594957396327 0.1317140041281876 0.12577406593368018 0.015258548254220952 0.01595502458004211 0.01452703 8.0 1.7902050399758342 28.433606665816907 0.07913824543356895 0.28138712 3.825140309375668 4698 2456 4700 2458 0.5738707551217817 0.5820288052594336 0.13348755362726916 1.8407542940768455 1.8149532242904742 -0.8443492326318204 1.265319954889992 0.20968605913834593 45.87513109922145
3671.110098454857 2459.6768764283397 53.151580259356194 -27.799291628436272 494 1.7169690350312194 1 29.64410100967824 0.17647073153483087 0.025953066515063974 0.004218436615534183 27.927131974647022 0.11342045481490705 0.12617586589398327 0.013181287737275766 0.016786667152781536 0.01452703 9.0 1.9270870460616039 28.387539878844276 0.08256825990974903 0.2874261 3.8820007302404322 3670 2458 3672 2461 0.5485612734482156 0.7908600598746828 0.1339123250510104 1.9015507171223627 1.3189654350180482 -0.6439598878532855 1.3184762907634568 0.2415487430411395 66.06769427740007
5002.439399158247 2459.676011976484 53.13067707255575 -27.799288432333785 495 1.8558356732988344 1 29.732533818139753 0.17327810476237882 0.02392299538025925 0.0038181185407851767 27.87669814484092 0.0979717929224325 0.1321751541957018 0.011927269813347961 0.015958737139984712 0.01452703 7.0 1.8621353820262405 28.729841224019065 0.060241058468818665 0.24551265 3.934766558537168 5002 2458 5003 2461 0.24632753797885684 1.0043261032120452 0.12274086086766994 4.322882819251184 1.0602582950215533 -1.0566176801897278 2.1238532287155065 0.5291576713119701 81.02759401491963
4492.777250948136 2462.042213255918 53.13867927886278 -27.79925716823373 496 2.2008239914514434 1 29.729766972790966 0.2690194552079502 0.023984037500244262 0.0059428688422241485 27.528942981339522 0.1107145881114811 0.18207565926117336 0.01856722079785133 0.015885879291969093 0.01452703 76.0 10.383685268988344 26.052225971906143 0.709477610886097 0.8425331 3.856092364997805 4481 2459 4503 2465 36.46546868840354 2.422707874005804 6.526226018218491 0.052951252173348645 0.7969975451255662 -0.2852773488200819 5.569624976854406 0.8204546977299759 10.488747531313626
1399.5279164405554 2461.4636351347235 53.18724634436021 -27.79926502245287 497 1.231589243456881 0 29.035159335929553 0.09506443673791735 0.04547422950332711 0.003981746351500943 27.803570092472672 0.09555333130823164 0.14138425465276105 0.012443342107951245 0.015204860720375218 0.01452703 8.0 1.91468528236086 28.216480783733427 0.096657769754529 0.3109634 3.8113646108092625 1399 2460 1400 2463 0.24922067234672377 1.0730164488977727 0.025013353491789604 4.02191816961402 0.9341377304927082 -0.18751187084773416 2.078867512062431 0.5189688644429743 88.26243130809512
4184.42806061806 2463.261250712515 53.14352066766268 -27.7992409811887 498 1.507371723868026 1 28.836380291868448 0.07488575753361675 0.05461060236561025 0.0037667461798985406 27.32900856800042 0.05839443615967309 0.21888986653992898 0.011773003903164082 0.01622746979555314 0.01452703 19.0 2.8464758123107194 27.27691891298399 0.22964739240705967 0.4793156 3.7825802761644827 4183 2461 4186 2466 0.9608245183728025 1.9615074110179314 0.5504697774468235 1.240167286587099 0.607483371790259 -0.6960714055015012 1.7533271158362749 0.42965577217857864 66.13440454806057
1837.145624952406 2468.881854385806 53.180375298009714 -27.79916304875736 499 1.9158969517568778 1 29.809397607213246 0.22506851810620837 0.022287945687944545 0.0046203508405796585 27.893500655456368 0.12042195054793149 0.13014539968170669 0.014435261015484258 0.01640250012405267 0.01452703 11.0 2.220012004405312 28.196206375857162 0.09847965836524963 0.3139033 3.86022371544073 1836 2467 1839 2470 0.8364659597962969 0.941097823887544 0.1667559539330747 1.2392833425741356 1.101499019861412 -0.43918468566985797 1.2204684300031836 0.18064246856644095 53.70903836225722
2280.9452337912926 2477.252773307305 53.17340720108025 -27.799047510876388 500 1.9821904269115365 1 28.194855295380354 0.055172858748878714 0.09860228185622122 0.005010748613033453 26.212664868468817 0.027764264506344824 0.6120165075635623 0.015650905589245766 0.01777337199530086 0.01452703 78.0 5.134901990287176 25.46130851346864 1.2226599268615246 1.1059179 3.700329668501091 2276 2472 2287 2482 4.924744048795251 4.58521977611527 0.4922868496242049 0.20525913994752498 0.22045807557207764 -0.044074823147059856 1.1162274647119155 0.10412525079904955 35.486778295024756
5214.850150287063 2475.314072497472 53.127342084448685 -27.7990704342224 501 1.7124529009722735 1 29.56513096279809 0.15049184929944895 0.027911083663493784 0.0038688317182194137 27.852678061825817 0.09712645020796389 0.135131892469265 0.012088865271644095 0.015794626694592195 0.01452703 10.0 2.5135371057444535 28.249468464702904 0.09376520290970802 0.30629364 3.7916705804335655 5214 2473 5216 2477 0.4640575814909142 1.8146319086872178 -0.3604582456957527 2.5480550273974636 0.6516165883885856 1.0122906367015134 2.2571616477210603 0.55696571355018 -75.95368169950814
5334.661538415528 2480.715483943588 53.125460956898976 -27.798994926450156 502 1.7253305179738518 1 28.8613321368216 0.10481394083679352 0.053369880322265605 0.005152350998033248 27.136001618847747 0.06691215857708703 0.2614739550844137 0.016114752460519865 0.016006848331983688 0.01452703 72.0 8.059663149216773 25.956938580104765 0.7745574787259102 0.88029635 3.820101785565278 5330 2473 5339 2489 3.95639284058254 19.472314618909568 -6.768176340206405 0.6234748816833136 0.12667788120984252 0.4334141087494706 3.9383547009113204 0.7460868621689651 -69.44900250199596
5372.146423176613 2478.7636778886226 53.124872399506664 -27.79902187689234 503 1.9198963805267084 1 29.68551544884846 0.1835438464168811 0.024981752657359392 0.00422330936075056 27.76561906832175 0.09783035595636114 0.14641361253748364 0.013193051332226915 0.017338150897521082 0.01452703 36.0 4.706271702029265 26.887081958238557 0.3288488294929266 0.57361215 3.853058434543625 5369 2474 5375 2483 2.102352910052855 5.886207800613532 1.5671919413702442 0.5934397770485077 0.21195647256778888 -0.316004486345873 2.048319462475255 0.5117949039103658 70.18154987463474
1324.1247931185912 2483.6283776965506 53.18843017405451 -27.798956962364517 504 2.149981019314218 1 29.901217440800746 0.2030713844997934 0.02048057320246182 0.003830725205464943 27.751236421486528 0.08759149571501333 0.14836604337139225 0.011969792440102042 0.016408387247358575 0.01452703 18.0 3.3221352593667963 27.711180028240523 0.15394198149442673 0.39247042 3.8497501112279404 1322 2481 1326 2487 1.0239021397618817 2.956703635988518 -0.20421815836449955 0.9902981621747889 0.3429388035077869 0.13679887591674006 1.723496545477623 0.41978415760451926 -84.03394882826628
