435fw/HST/hst_10086_7d_acs_wfc_f435w_j8wc7d/hst_10086_7d_acs_wfc_f435w_j8wc7d_segment-cat.ecsv
# %ECSV 1.0
# ---
# datatype:
# - {name: X-Centroid, unit: pix, datatype: float64, format: 10.3f, description: Pixel Coordinate}
# - {name: Y-Centroid, unit: pix, datatype: float64, format: 10.3f, description: Pixel Coordinate}
# - {name: RA, unit: deg, datatype: float64, format: 13.7f, description: Sky coordinate at epoch of observation}
# - {name: DEC, unit: deg, datatype: float64, format: 13.7f, description: Sky coordinate at epoch of observation}
# - {name: ID, unit: '', datatype: int32, format: 7d, description: Catalog Object Identification Number}
# - {name: CI, unit: mag(AB), datatype: float64, format: 7.3f, description: Concentration Index}
# - {name: Flags, unit: '', datatype: int32, format: 5d, description: Numeric encoding for conditions on detected sources}
# - {name: MagAp1, unit: mag(AB), datatype: float64, format: 7.3f, description: ABMAG of source based on the inner (smaller) aperture}
# - {name: MagErrAp1, unit: mag(AB), datatype: float64, format: 7.3f, description: Error of MagAp1}
# - {name: FluxAp1, unit: electron / s, datatype: float64, format: 10.4f, description: Flux of source based on the inner (smaller) aperture}
# - {name: FluxErrAp1, unit: electron / s, datatype: float64, format: 10.4f, description: Error of FluxAp1}
# - {name: MagAp2, unit: mag(AB), datatype: float64, format: 7.3f, description: ABMAG of source based on the outer (larger) aperture}
# - {name: MagErrAp2, unit: mag(AB), datatype: float64, format: 7.3f, description: Error of MagAp2}
# - {name: FluxAp2, unit: electron / s, datatype: float64, format: 10.4f, description: Flux of source based on the outer (larger) aperture}
# - {name: FluxErrAp2, unit: electron / s, datatype: float64, format: 10.4f, description: Error of FluxAp2}
# - {name: MSkyAp2, unit: electron / (pix s), datatype: float64, format: 7.3f, description: Sky estimate from an annulus outside Aperture
#     2}
# - {name: Bck, unit: electron / s, datatype: float32, format: 10.4f, description: Background at the position of the source centroid}
# - {name: Area, unit: pix2, datatype: float64, format: 8.3f, description: Total unmasked area of the source segment}
# - {name: FWHM, unit: pix, datatype: float64, format: 8.3f, description: Circularized FWHM of 2D Gaussian function having the same second-order
#     central moments as the source}
# - {name: MagSegment, unit: mag(AB), datatype: float64, format: 7.3f, description: Magnitude corresponding to FluxSegment}
# - {name: FluxSegment, unit: electron / s, datatype: float64, format: 10.4f, description: Sum of unmasked data values in the source segment}
# - {name: FluxSegmentErr, unit: electron / s, datatype: float32, format: 10.4f, description: 'Uncertainty of FluxSegment, propagated
#     from the input error array'}
# - {name: KronRadius, unit: pix, datatype: float64, format: 8.4f, description: The unscaled first-moment Kron radius}
# - {name: Xmin, unit: pix, datatype: int64, format: 8.0f, description: Minimum X pixel within the minimal bounding box containing the
#     source segment}
# - {name: Ymin, unit: pix, datatype: int64, format: 8.0f, description: Minimum Y pixel within the minimal bounding box containing the
#     source segment}
# - {name: Xmax, unit: pix, datatype: int64, format: 8.0f, description: Maximum X pixel within the minimal bounding box containing the
[...]
# - h10.5: [' ']
# - h11: ['The X and Y coordinates in this table are 0-indexed (i.e. the origin is (0,0)).']
# - h12: [RA and Dec values in this table are in sky coordinates (i.e. coordinates at the epoch of observation]
# - h12.1: [and an undistorted not aligned).]
# - h13: [Magnitude values in this table are in the ABMAG system.]
# - h14: ['Column titles in this table ending with Ap1 refer to the inner photometric aperture ']
# - h14.1: ['(radius = 1.000000000000064 pixels, 0.05 arcsec.']
# - h15: ['Column titles in this table ending with Ap2 refer to the outer photometric aperture ']
# - h15.1: ['(radius = 3.000000000000192 pixels, 0.15 arcsec.']
# - h16: [CI = Concentration Index (CI) = MagAp1 - MagAp2.]
# - h17: ['Flag Value Identification:']
# - h17.1: ['    0 - Stellar Source (0.9 < CI < 1.23)']
# - h17.2: ['    1 - Extended Source (CI > 1.23)']
# - h17.3: ['    2 - Questionable Photometry (Single-Pixel Saturation)']
# - h17.4: ['    4 - Questionable Photometry (Multi-Pixel Saturation)']
# - h17.5: ['    8 - Faint Detection Limit']
# - h17.6: ['   16 - Hot pixels (CI < 0.9)']
# - h17.7: ['   32 - False Detection Swarm Around Saturated Source']
# - h17.8: ['   64 - False Detections Near Image Edge']
# - h17.9: ['  128 - Bleeding and Cosmic Rays']
# - h18: ['#=================================================================================================']
# schema: astropy-2.0
X-Centroid Y-Centroid RA DEC ID CI Flags MagAp1 MagErrAp1 FluxAp1 FluxErrAp1 MagAp2 MagErrAp2 FluxAp2 FluxErrAp2 MSkyAp2 Bck Area FWHM MagSegment FluxSegment FluxSegmentErr KronRadius Xmin Ymin Xmax Ymax X2 Y2 XY CXX CYY CXY Elongation Ellipticity Theta
[from data line 897]
3942.8938053496363 3252.3754563138546 53.147314518270136 -27.788281527024182 898 1.7289687731623147 1 27.408543365112646 0.035665218165204 0.2034284722802235 0.006682620286348278 25.67957459195033 0.022711411576310576 0.999998265883607 0.020918644369604358 0.016145660295816405 0.01452703 123.0 6.932155678566773 24.767085906053364 2.3173664826899767 1.5224941 3.6020493419130353 3935 3247 3951 3257 12.758643300572325 4.573455746943619 2.9635894707438966 0.09226587138117676 0.2573955903160575 -0.11957617174584065 1.9485895840147773 0.48680830062754954 17.954802213772673
2243.9434638580387 3251.610861418748 53.173987022098764 -27.788292490610875 899 1.774345907017647 1 29.2243849898851 0.11798555745573991 0.03820103131237637 0.0041513953898635915 27.450039082867452 0.07189957093964208 0.195800344017654 0.012966713387403185 0.015886825219904248 0.01452703 18.0 2.7192898130311374 27.50561045812214 0.1860308200120926 0.43141845 3.7970326434044677 2242 3249 2246 3253 1.331995584901064 1.335019911461983 0.08722948752606109 0.7539794715283212 0.7522714219909674 -0.09852923142481355 1.0677108558606387 0.06341684688225802 45.49657460398057
4156.673495552286 3251.354381553648 53.143958303001355 -27.78829530256459 900 1.7588867000314394 1 29.19965891642983 0.10235740708270843 0.03908098643222472 0.003684469409078963 27.44077221639839 0.06332039739523071 0.1974786715812591 0.011517387825004676 0.015341219029806813 0.01452703 19.0 2.99760291210041 27.507034481729708 0.1857869867235422 0.43114161 3.8225685810350516 4154 3249 4159 3253 1.9953678552727236 1.245510658931864 -0.8437570897530275 0.7023585765660897 1.125212150136845 0.9516097261418974 1.9102036128290452 0.47649559801691377 -33.02086932718109
781.2416274598503 3252.584632309112 53.196950559156186 -27.788275159895104 901 1.9500980273097355 1 29.504248185380792 0.15706965916532123 0.0295209146740004 0.004270829884953277 27.554150158071057 0.08143335285255247 0.1778971622501202 0.013343246186775182 0.0157623250785024 0.01452703 16.0 2.5689197718775665 27.730794538874182 0.15118589252233505 0.38893035 3.859334651912385 779 3251 783 3254 1.320904001281748 1.0593079433922292 0.07072689492361044 0.7597734753091513 0.9473995072573527 -0.10145570811421695 1.133828066026791 0.11803206327018967 14.20079051146108
4739.975338267997 3255.41224724894 53.13480082793122 -27.788237422952328 902 2.0945959524424254 1 29.3408972624451 0.13244609797337797 0.0343139076959463 0.004186002745276551 27.246301310002675 0.06011834949522447 0.2362155913178538 0.01307994056835944 0.016232287568443873 0.01452703 38.0 4.573912771324095 26.69062076519921 0.3940767180174589 0.62790835 3.830994835310497 4737 3253 4745 3259 5.367118566616968 2.1784210483538793 -0.805393779266733 0.19726383875225656 0.48601183517273033 0.14586259045320654 1.6728201726804948 0.402207113274095 -13.40043332243254
2775.1991989568032 3275.781324805115 53.165646614564295 -27.78795723240984 903 2.314578082075329 1 29.47790581917867 0.19657478678930676 0.03024591699625194 0.005476268476361144 27.16332773710334 0.07287217938902826 0.2549752280096411 0.017113936221126416 0.01714805854254798 0.01452703 93.0 7.879403980282969 25.729598768460487 0.9549696650356054 0.9774661 3.841543807946213 2769 3270 2785 3283 13.417582458446054 8.974850500144706 6.219111841327279 0.10979290816923903 0.1641426114774399 -0.152161726878473 1.968779030556151 0.4920709818219088 35.172047827619366
5289.532905754335 3272.7706405150648 53.12617318962469 -27.787994349505375 904 1.5400081696274412 1 28.15258044426182 0.037826331566497326 0.1025172401167938 0.0035717519719444257 26.612572274634378 0.028615147216451007 0.4234480856368987 0.01116056858158258 0.015872193551256797 0.01452703 34.0 3.5143936481872315 26.36651761752832 0.5311559326946735 0.7289225 3.6541985352804645 5286 3270 5293 3276 2.2853107467749396 2.16935741779917 -0.9133422919424332 0.5261010255645696 0.5542214103343909 0.4429978320215119 1.5475558343718907 0.35381976030230156 -43.18394082014043
509.55741824443515 3274.4555819592456 53.20121572838789 -27.787970271813926 905 2.0693429214095147 1 29.845706849275476 0.22466276039799432 0.021554916457330445 0.004460336217603402 27.77636392786596 0.10437598285134402 0.14497179375247427 0.013937158937677843 0.01671025152524787 0.01452703 22.0 3.73274699825383 27.433980859503915 0.1987177859991789 0.44590253 3.828801185498485 507 3271 512 3277 1.9949852607645138 3.030426565089396 -1.7880138454822094 1.0638066900356542 0.7003234103649059 1.2553355442515002 2.5916395028122747 0.614143865720959 -53.07420497781583
2330.1644364074327 3278.3342595420063 53.17263336957648 -27.787921438195678 906 1.8483660878204944 1 28.494914971690665 0.06301890218747339 0.07479336881364032 0.00434134290645521 26.64654888387017 0.035881759098710275 0.41040205818350495 0.013563551427977712 0.017359457681981882 0.01452703 61.0 4.92629721507681 25.930381207035627 0.7937369551509619 0.8910923 3.776916239543976 2325 3274 2335 3283 4.375567593010833 4.37740902288941 1.8451007442853307 0.2779439263541144 0.2778270046207601 -0.23430963051611542 1.5677303554425783 0.3621352061415595 45.0142954459101
503.9138301311841 3279.3379222695253 53.20130430481201 -27.787902436791267 907 1.6154061873448597 1 29.554661371256035 0.18799828678100555 0.028181527892222183 0.004879873779689502 27.939255183911175 0.13269546844211455 0.12477483668432648 0.015250120110173196 0.016276376774815256 0.01452703 11.0 2.3246806092888606 28.089113890985896 0.1086884830147028 0.32976374 3.7943540177066812 503 3277 505 3281 0.5908056275098711 1.3583258436871983 0.429860208474179 2.1989104984404158 0.9564190381172653 -1.3917487172442082 1.973144857597531 0.49319483759667615 65.87853113311222
1496.826820705003 3278.4789507553132 53.18571622623797 -27.78791785291995 908 1.4820455766319256 1 29.49594297705931 0.13963157609547489 0.02974759724017917 0.0038258302364369673 28.013897400427386 0.11143678023440697 0.11648503204489735 0.01195608079265458 0.016631331741299528 0.01452703 9.0 2.0789840450779327 28.275447756869983 0.09154823608696461 0.3026446 3.8561079996296033 1496 3277 1498 3280 0.5101240442275816 1.0487709426195913 -0.3643280584324933 2.6071426380939333 1.268118797323552 1.811368291765996 1.9432749092890995 0.4854047694333552 -63.23652366859704
2237.495451178505 3277.990735676443 53.17408821279746 -27.787926095029093 909 1.4938287187187669 9 29.754707861611482 0.30157444485670926 0.023439370238504974 0.006510744282461093 28.260879142892716 0.23837683839170806 0.09278492616886075 0.020371905084775797 0.016037059375233025 0.01452703 6.0 1.5756986956081034 28.878993991132912 0.052508726716041565 0.22921403 3.8229424711425284 2237 3277 2238 3279 0.2499793082230055 0.6455110179929131 -0.01959130740112511 4.009868919584176 1.5528538330752206 0.24339963982660853 1.6112677148642744 0.37937067144410863 -87.1712790981959
4006.6981722476553 3280.179914856478 53.146312885284416 -27.787895241304973 910 1.8924528713578894 1 29.27116075279297 0.11727135579872318 0.03659019993449526 0.003952272593962062 27.37870788143508 0.0640982638407213 0.20909609929232947 0.012344751718251258 0.015831076772883534 0.01452703 22.0 3.202813646195108 27.310959481581694 0.22255906648933887 0.4718796 3.822636427581389 4005 3277 4009 3283 1.3404150561575874 2.359381877289818 -0.5392778768069032 0.8215889303469309 0.46676215614338934 0.37557695787210893 1.5294206695233894 0.34615765307289315 -66.68635529591879
2236.312270957009 3284.9752429778327 53.174106777549525 -27.787829086427507 911 1.777327120385877 1 28.981530127470936 0.12675960666343444 0.04777679719602662 0.00557812288864973 27.20420300708506 0.07706509894923282 0.24555449064994744 0.017429935635411866 0.017034603429023736 0.01452703 64.0 7.120254111385143 26.014288883939468 0.7347059044986963 0.85733867 3.842230305435176 2230 3279 2243 3290 12.577038842994439 5.708406165142807 -6.614263212824781 0.20353459385348374 0.44843734288208653 0.47166628922896603 3.1336498734134315 0.6808833020931222 -31.28017913680475
5309.9545008838595 3281.5201889632744 53.1258526246751 -27.787872743948046 912 1.6495279066116737 1 29.0018009223429 0.09841552422691532 0.04689307525005977 0.004250719888870609 27.352273015731225 0.06736118976105866 0.21424952974690697 0.013292901565348608 0.015789332205773644 0.01452703 23.0 3.107847471760765 27.25980377793628 0.23329615034162998 0.4831278 3.7785456631182015 5308 3279 5312 3284 1.3176710483139593 2.1659743370453155 0.537041613664045 0.8442277498921775 0.5135861700622204 -0.41864340250728965 1.5146862962421859 0.3397972884016188 64.15071402978379
729.8155819775178 3283.5060324338424 53.19775777745186 -27.787845493196585 913 1.66557221047443 1 29.88087821354973 0.21335168849287917 0.02086785441718942 0.004100757092319194 28.215306003075302 0.14377167189608023 0.09676241131683838 0.012813570647248824 0.016667210118711605 0.01452703 10.0 2.6386550563106597 28.213065509076944 0.09696229360997677 0.31146887 3.882418236076219 728 3282 732 3285 1.4917924884978955 1.0193987496202817 0.8727329642547172 1.3429600290967687 1.9652934482269404 -2.2994838624351903 2.47889514238408 0.5965944735208731 37.428113476375515
3616.835298132001 3287.53205920833 53.15243348633484 -27.78779370405025 914 1.549267370376775 1 27.87864807624305 0.03772706603648904 0.13193798684016061 0.004584722429990016 26.329380705866274 0.02830533833616623 0.5496380641191018 0.014329641123078753 0.01664333106930723 0.01452703 51.0 4.10510738472405 25.893016628047246 0.8215281181037426 0.9065242 3.660158608398666 3613 3284 3620 3291 3.2154105235180452 2.8626300112867162 -0.7330488710219667 0.3302842803391993 0.3709873600737841 0.16915529975187069 1.2883780858849923 0.22383032515405143 -38.23519226165189
4185.556917703854 3286.485682436906 53.14350493555833 -27.787807306780373 915 1.2780186516594938 1 29.080565247225255 0.09823888125298685 0.04361169686803555 0.003946176945620524 27.80254659556576 0.09456085815795826 0.14151759696343308 0.012325711903209264 0.016406757014526707 0.01452703 12.0 2.1201944212358996 27.855747403575055 0.13475041836500168 0.3671663 3.69876752770131 4184 3285 4187 3288 0.7844450225086869 0.8368644590535312 -0.01179114007956892 1.2750566331098507 1.1951897567629015 0.0359302422458834 1.0361040078434842 0.034845930109497436 -77.88906627725143
5312.018622133273 3288.734970461859 53.12582025309873 -27.78777253013129 916 1.770717294434121 1 29.550959390363094 0.18490614383627868 0.02827778105184378 0.004816003915025349 27.780242095928973 0.11311730093936195 0.14445488913060645 0.015050517791239728 0.01647338561381992 0.01452703 16.0 2.767118601672838 27.763357714022764 0.14671887829899788 0.38314465 3.843250427726544 5311 3286 5314 3291 0.9952552126710092 1.7664040605941334 0.1042367418771161 1.0110158983400066 0.5696425100934783 -0.11932151378035352 1.3468332585886342 0.2575175927509288 82.43609652617667
3624.5620093083635 3291.8845520627 53.15231218777763 -27.78773324396822 917 1.466393615125554 1 29.54035992686431 0.17130132208694127 0.02855519385993186 0.0045054273378053195 28.073966311738754 0.139221783331545 0.11021547050296121 0.014133180762777519 0.016109384253228963 0.01452703 9.0 2.089325724627934 28.343578307810976 0.08598006330430508 0.29330117 3.8857557235986175 3623 3291 3626 3293 1.0595239524441566 0.5149187150083879 0.37114299439321874 1.262607786969042 2.5980084891931288 -1.8201243075511522 1.9535311568411644 0.48810644944256354 26.866502242703266
3054.087390835174 3293.381488067419 53.161268252659525 -27.787712817654338 918 1.6104953730061453 1 29.74549344536985 0.21414760627015353 0.023639141785317883 0.0046626744290380285 28.134998072363704 0.15175799421456557 0.10419091565129152 0.01456369565682876 0.01764874688248981 0.01452703 10.0 2.0822371099892663 28.18340391437238 0.0996477548032999 0.31575042 3.9024577935690807 3053 3292 3055 3295 0.571171702887909 0.9926056245744679 -0.2621524306001488 1.9922864639788398 1.1464146727550135 1.0523469262180178 1.5842316619245111 0.36877918549790345 -64.39608324885305
979.5962577141889 3297.8743098364284 53.19383632968401 -27.787646875311918 919 1.8572383107724306 1 29.15404585102819 0.11480143099751008 0.04075780087937482 0.004309711582632222 27.29680754025576 0.06484230223337697 0.22547898312900683 0.0134664975327674 0.01665697626311828 0.01452703 32.0 3.6011671145998223 26.909823531712316 0.3220324758440256 0.56762165 3.802014326631791 976 3295 982 3301 2.4811873397309396 2.196175906844968 0.1713716250705231 0.40521677728928385 0.4578042835836088 -0.06323961337838944 1.100310332341993 0.09116549158316445 25.127229399645405
1038.0529751840131 3297.177554200151 53.19291860253229 -27.7876567568259 920 1.5882233730836717 1 29.116439134902823 0.10144423073806697 0.04219426534745467 0.003942493128608652 27.52821576181915 0.07338881666918641 0.18219765328355592 0.01231580563174254 0.016041510659506764 0.01452703 17.0 2.803099539616752 27.452706298375904 0.19531993195414543 0.44204742 3.841489068901737 1036 3296 1041 3299 1.9740088979844503 0.8599372138111099 0.12058073855168655 0.5109598280259441 1.172921965506858 -0.14329398110486816 1.531575119906405 0.34707740612741844 6.1071398613013
3055.1752443619284 3299.841177618173 53.16125117508398 -27.787623099598918 921 2.1493212763469955 1 30.188076681230218 0.3265397185668881 0.01572528087104813 0.0047296019066199926 28.038755404883222 0.14098997464202492 0.11384839742905062 0.014784454883077298 0.017058184286900632 0.01452703 15.0 3.201870867570057 27.952020518444417 0.12331641092896461 0.35127237 3.8863854282352293 3054 3297 3057 3302 0.9445474290669617 2.753071684204181 0.7637443082775055 1.3648652797336678 0.46826967797166286 -0.7572691222992974 2.1351540631772923 0.5316497215606473 69.90769839661154
687.1279999218117 3300.1291602611127 53.19842786758686 -27.78761444449162 922 1.7572282216324382 1 28.905301474709656 0.08267896764255926 0.051251725776508 0.0039029564125460303 27.148073253077218 0.05117797091178896 0.2585828884997561 0.01218913838622721 0.015297344443623469 0.01452703 19.0 2.7456372786001784 27.211784692630193 0.243845758959651 0.4939047 3.740435565193683 685 3298 689 3302 1.3745320331239261 1.3444157881559444 0.4548448662927066 0.8192368600035309 0.8375885769202955 -0.5543310088041609 1.4164823908185848 0.29402581600601463 44.051927441649575
775.5423608423351 3298.7938787306916 53.197039829950285 -27.78763334267202 923 1.6309802431346583 1 29.654124183894073 0.15933438693467966 0.025714578507019387 0.00377380178843108 28.023143940759415 0.11087620768308117 0.1154972137250262 0.01179505669687134 0.016102080780667126 0.01452703 10.0 2.0656953653662318 28.207123043285062 0.09749444387853146 0.312322 3.8534179172619134 774 3298 777 3300 0.9795808576276712 0.5594491861245229 -0.016221985365760982 1.021335202930102 1.7883311636258468 0.059229989519659035 1.324406519892653 0.2449448224695745 -2.2079037726738635
1654.0809602749307 3302.638431308623 53.183247374779675 -27.787582696252134 924 1.3256204823592768 1 29.30691984936016 0.14933451899747718 0.03540471835500718 0.004869804352755041 27.981299367000883 0.13757791931526656 0.12003539801984348 0.01521066620958822 0.01682481204939855 0.01452703 11.0 2.1144704508716687 28.00374759773707 0.11757907643914223 0.34297916 3.8288105295821393 1653 3301 1655 3304 0.5744609024413778 1.038106173139035 -0.15209431776860868 1.8110123121219746 1.0021670172793584 0.5306676507853724 1.4311564972103374 0.3012643956483889 -73.36594974478068
