775fw/HST/hst_10086_7e_acs_wfc_f775w_j8wc7e/hst_10086_7e_acs_wfc_f775w_j8wc7e_point-cat.ecsv
# %ECSV 1.0
# ---
# datatype:
# - {name: X-Center, unit: pix, datatype: float64, format: 10.3f, description: Pixel Coordinate}
# - {name: Y-Center, unit: pix, datatype: float64, format: 10.3f, description: Pixel Coordinate}
# - {name: RA, unit: deg, datatype: float64, format: 13.7f, description: Sky coordinate at epoch of observation}
# - {name: DEC, unit: deg, datatype: float64, format: 13.7f, description: Sky coordinate at epoch of observation}
# - {name: ID, unit: '', datatype: int64, format: 7d, description: Catalog Object Identification Number}
# - {name: MagAp1, unit: mag(AB), datatype: float64, format: 7.3f, description: ABMAG of source based on the inner (smaller) aperture}
# - {name: MagErrAp1, unit: mag(AB), datatype: float64, format: 7.3f, description: Error of MagAp1}
# - {name: FluxAp1, unit: electron / s, datatype: float64, format: 10.4f, description: Flux of source based on the outer (smaller) aperture}
# - {name: FluxErrAp1, unit: electron / s, datatype: float64, format: 10.4f, description: Flux of source based on the outer (smaller)
#     aperture}
# - {name: MagAp2, unit: mag(AB), datatype: float64, format: 7.3f, description: ABMAG of source based on the outer (larger) aperture}
# - {name: MagErrAp2, unit: mag(AB), datatype: float64, format: 7.3f, description: Error of MagAp2}
# - {name: MSkyAp2, unit: electron / (pix s), datatype: float64, format: 7.3f, description: Sky estimate from an annulus outside Aperture
#     2}
# - {name: StdevAp2, unit: electron / (pix s), datatype: float64, format: 7.3f, description: Standard deviation of sky estimate from annulus
#     outside Aperture 2}
# - {name: FluxAp2, unit: electron / s, datatype: float64, format: 10.4f, description: Flux of source based on the outer (larger) aperture}
# - {name: FluxErrAp2, unit: electron / s, datatype: float64, format: 10.4f, description: Flux of source based on the outer (larger) aperture}
# - {name: CI, unit: mag(AB), datatype: float64, format: 7.3f, description: Concentration Index}
# - {name: Flags, unit: '', datatype: int64, format: 5d, description: Numeric encoding for conditions on detected sources}
# meta: !!omap
# - h00: [' #==================================================================================================']
# - h01: [' # All refereed publications based on data obtained from the HAP must carry the following footnote: ']
# - h02: [' #                                                                                                  ']
# - h03: [' #     Based on observations made with the NASA/ESA Hubble Space Telescope                          ']
# - h04: [' #     and obtained from the Hubble Advanced Products collection generated                          ']
# - h05: [' #     by the Space Telescope Science Institute (STScI/NASA).                                       ']
# - h06: [' #                                                                                                  ']
# - h07: [' # One copy of each paper resulting from data obtained from the HAP should be sent to the STScI.    ']
# - h08: [' #==================================================================================================']
# - {WCSNAME: IDC_4bb1536oj-FIT_SVM_GSC242}
# - {WCSTYPE: undistorted a posteriori solution aligned by visit to GSC242}
# - {Proposal ID: 10086}
[...]
# - h10.4: ['the selected aperture. For details, see Whitmore et al., 2016 AJ, 151, 134W.']
# - h10.5: [' ']
# - h11: ['The X and Y coordinates in this table are 0-indexed (i.e. the origin is (0,0)).']
# - h12: [RA and Dec values in this table are in sky coordinates (i.e. coordinates at the epoch of observation]
# - h12.1: [and an undistorted a posteriori solution aligned by visit to GSC242).]
# - h13: [Magnitude values in this table are in the ABMAG system.]
# - h14: ['Column titles in this table ending with Ap1 refer to the inner photometric aperture ']
# - h14.1: ['(radius = 1.000000000000064 pixels, 0.05 arcsec.']
# - h15: ['Column titles in this table ending with Ap2 refer to the outer photometric aperture ']
# - h15.1: ['(radius = 3.000000000000192 pixels, 0.15 arcsec.']
# - h16: [CI = Concentration Index (CI) = MagAp1 - MagAp2.]
# - h17: ['Flag Value Identification:']
# - h17.1: ['    0 - Stellar Source (0.9 < CI < 1.23)']
# - h17.2: ['    1 - Extended Source (CI > 1.23)']
# - h17.3: ['    2 - Questionable Photometry (Single-Pixel Saturation)']
# - h17.4: ['    4 - Questionable Photometry (Multi-Pixel Saturation)']
# - h17.5: ['    8 - Faint Detection Limit']
# - h17.6: ['   16 - Hot pixels (CI < 0.9)']
# - h17.7: ['   32 - False Detection Swarm Around Saturated Source']
# - h17.8: ['   64 - False Detections Near Image Edge']
# - h17.9: ['  128 - Bleeding and Cosmic Rays']
# - h18: ['#=================================================================================================']
# schema: astropy-2.0
X-Center Y-Center RA DEC ID MagAp1 MagErrAp1 FluxAp1 FluxErrAp1 MagAp2 MagErrAp2 MSkyAp2 StdevAp2 FluxAp2 FluxErrAp2 CI Flags
[from data line 486]
4155.295232734178 2332.9212723390715 53.14496265885033 -27.79994055144741 487 28.47895284089293 0.07415084968169773 0.07532608175854578 0.005144600686735932 27.11517847615987 0.06598007398914932 0.03887692292192284 0.0028868253669021853 0.2645179347149511 0.016075262875517585 1.363774364733061 1
3742.08679060047 2340.3789069278137 53.15145049077997 -27.79983768516624 488 27.461989201451452 0.026626871936897323 0.19219002048750256 0.004713474314332139 26.161731307244487 0.025120183097607204 0.03950079202448549 0.0026448574545708922 0.6365521520763338 0.014728107775014652 1.3002578942069647 1
4361.0461717039 2340.860763140967 53.14173216824952 -27.799829813206564 489 28.84506996288323 0.09155214243160237 0.05376486114304546 0.004533746177750227 27.172122482441615 0.06126057470600589 0.038679643720388415 0.002544075884161209 0.2510021957509849 0.01416278784579048 1.6729474804416142 1
2818.3845121861386 2344.631844967984 53.165953603615286 -27.799779112117758 490 28.18709302928248 0.06383850575894874 0.09855741450220754 0.005795116582192386 26.52191907998985 0.04302917763824352 0.04026639168815953 0.0032519765151652206 0.4568344867432321 0.018105565332366527 1.6651739492926296 1
2128.904339353653 2347.393383377426 53.17677916942738 -27.799740140130346 491 20.65934035624346 0.0017436914613139535 101.10912945683376 0.1623865945424778 19.420902214135886 0.0017414216827147887 0.016522485139833787 0.09112956636134245 316.3483896105087 0.5074108362896248 1.2384381421075759 0
5127.891724952074 2348.679031424004 53.12969190966419 -27.79971882165201 492 27.5632461584147 0.027856639317063482 0.1750765783500415 0.004492074326206789 26.196729362548467 0.024721241030381324 0.039983766926389164 0.0025206412641344553 0.6163604571924248 0.01403444360675137 1.3665167958662323 1
3887.107828494947 2348.833773625969 53.149173520813925 -27.79972004111234 493 28.64140510189339 0.3729750040682832 0.06485813747119809 0.022280983777453602 26.288058655252115 0.13503379635347995 0.04977243089930969 0.012482624216317594 0.5666345498315355 0.0704750984699248 2.3533464466412752 1
3878.0329549797543 2349.625988824127 53.14931600730828 -27.79970905269513 494 29.423943772830214 0.5094778829723969 0.03154634179979529 0.014803503210540055 27.468858763497437 0.2627957247772139 0.04272682294749573 0.008308209825478214 0.19097785371379383 0.046226548294292326 1.9550850093327767 9
4391.493107028283 2354.8123433160986 53.14125415843903 -27.799635965709104 495 27.89675618269625 0.038120357048694944 0.12877277082344407 0.004521381598912641 26.211600267971427 0.02522900230774097 0.039610826572460525 0.0025370446977329647 0.6079759590309539 0.014127868539599303 1.6851559147248238 1
2388.7164124797478 2355.310521707724 53.17269983626905 -27.799630511566505 496 28.43755688565119 0.06422379852053127 0.07825349789138614 0.004629029089162016 26.975024097134366 0.05217126649711985 0.03850032591900858 0.0025975092458548313 0.3009656108788852 0.014462334983541303 1.4625327885168247 1
2978.17046938689 2356.2164457646654 53.16344479444293 -27.799618237504447 497 24.090336888682153 0.015049297157846472 4.289352698054256 0.05945633542215069 22.40978351072475 0.010009121136766401 0.0640940589364618 0.03336314761137055 20.165691054733223 0.1859084872187818 1.680553377957402 1
5019.510452905735 2356.1244207034733 53.13139363975764 -27.799615816663362 498 27.497702413070563 0.030609854262902702 0.18597113791407155 0.005243206621217564 25.971593299560944 0.023466945790053317 0.03880355116559972 0.0029419510030566035 0.7583840557531347 0.01639215024813446 1.5261091135096194 1
1449.1952739249639 2360.9106074793444 53.18745127703597 -27.79955096640155 499 28.322472436337208 0.06611775980713572 0.0870036633186362 0.005298413294319326 26.692990951124955 0.046048783813802965 0.03950531411979158 0.002973258019913576 0.39023851758839556 0.01655154198420095 1.6294814852122528 1
5070.09938362291 2360.8110281479862 53.130599360923995 -27.799550539310818 500 28.880119060994332 0.08657527928738913 0.052056970366647776 0.004151097677395109 27.304844239100632 0.06338328459835507 0.03899934588600014 0.002329301975690827 0.2221205898120997 0.01296742429696491 1.5752748218937 1
1467.4704231473231 2361.5992301582824 53.18716433634975 -27.799541451496378 501 28.921161817739026 0.11597494751807515 0.050125854201050785 0.0053544656076867925 27.469836276126692 0.09516346017108578 0.03939247794600355 0.0030047713031706147 0.19080598945178529 0.016724471011881348 1.4513255416123343 1
4560.322914609461 2362.1882451666356 53.13860337851645 -27.799533073745668 502 28.640500771916805 0.13879815055850087 0.06491218153007935 0.008298508561382235 26.719663637418243 0.07396579744129184 0.03822971997332984 0.004656610240787205 0.3807685399409524 0.02594072828340142 1.9208371344985622 1
2188.8396963855485 2364.2743325538186 53.17583809434109 -27.79950576966207 503 28.51940770241628 0.07714770248516138 0.07257105433404007 0.0051567561101565846 26.723785087692917 0.046106952163646 0.03923592724032321 0.0028937515523899415 0.37932588398235034 0.01610901758055352 1.7956226147233636 1
3018.195345575114 2363.6177017078935 53.16281636291794 -27.799515440852502 504 29.079659865647812 0.12367563178390222 0.0433174185433704 0.004934428576585664 27.572985425525218 0.09648905135379779 0.0403864320673763 0.002768817370144614 0.17351312974272148 0.015420574087043962 1.5066744401225947 1
3846.665781498206 2363.5754327959307 53.14980852920039 -27.799515359666408 505 28.53678875578011 0.06836143780465342 0.07141854717333371 0.0044968910110422386 27.22294722352644 0.06370821830145516 0.03972012995137382 0.002523207205177134 0.23952322155685457 0.014055077541873356 1.3138415322536687 1
4251.870503143711 2363.828998567812 53.143446401454256 -27.799511067409714 506 28.657059207225977 0.07663321176938491 0.06392972418839526 0.004512425248307693 27.133949766693505 0.05889713426583855 0.038626133192240994 0.002531925586794846 0.2599839914052604 0.014103630882162876 1.5231094405324725 1
4565.743205546749 2364.7006979814228 53.13851828240326 -27.799498163321793 507 29.063759744750712 0.14595054691782788 0.04395645050307742 0.005909061427181154 27.106699310826414 0.07539630257721078 0.04026799254717618 0.0033146480935646347 0.2665918014402031 0.01851343476650018 1.9570604339242976 1
5044.924853701842 2365.484417963221 53.13099464620457 -27.799485724055703 508 28.62909287883008 0.07679983658612215 0.06559781325338222 0.00464023334094751 26.906382227712704 0.04913299061399807 0.03887781922498511 0.002603511066760083 0.320607459355164 0.01450898341279823 1.7227106511173744 1
1905.4826660050169 2369.5116613096734 53.180287077840774 -27.799432560793928 509 28.888394186044437 0.18658797165400554 0.0516617173795092 0.00887856227135038 27.11935075941775 0.11430751424950836 0.046744683890924524 0.004982396381697051 0.26350339185457816 0.02774285504210277 1.7690434266266877 1
1915.214800014474 2369.644161045085 53.18013427322026 -27.799430738963906 510 29.572613966139713 0.40574692488830877 0.027509387900505722 0.01028078617130869 27.91006763982204 0.2741861310142128 0.048034275490981326 0.005769330233418386 0.12720361617782694 0.032124405794248224 1.662546326317674 9
2982.489609291981 2368.4833457731665 53.16337697957114 -27.79944786387927 511 28.912805693376335 0.4779617492054702 0.05051312491680973 0.022237580863104723 26.40235041136568 0.14906048024885868 0.040689776972180514 0.012466152586073292 0.5100189926169991 0.07002272817125264 2.5104552820106534 1
1910.615502784598 2370.623266085144 53.1802064847365 -27.79941713158821 512 29.350828655064063 0.32477731558964285 0.033743882616003334 0.010094176672743461 27.527840778110544 0.18934630299727362 0.04804791122266691 0.0056645016553802975 0.18087985550781194 0.031545483952367344 1.822987876953519 1
1919.1676005404026 2374.0834802635013 53.180072200829066 -27.799369089199647 513 29.58720435442251 0.4078770483403128 0.02714218284901987 0.010196807060855932 27.916485235290736 0.2734868228904179 0.04810807846360288 0.005722406758974258 0.12645395574579288 0.03185363415201473 1.6707191191317747 9
1916.7558302661546 2375.0425765206487 53.18011006599544 -27.799355763881053 514 30.042137190987056 0.7049637567335972 0.017851373522013464 0.011591205066715739 28.544695063635338 0.5546242880540424 0.050073204631996646 0.0065047381031234615 0.07090036781340214 0.03621909000762449 1.497442127351718 9
1921.2300525421886 2377.066351187125 53.180039811943786 -27.799327664312052 515 29.66708244592015 0.46872973678637153 0.025217006784554408 0.010886949389945963 27.892664512694786 0.2857733602221564 0.047545849536992105 0.006109398872149005 0.12925897525353447 0.034023000549944823 1.7744179332253651 9
1918.274433953933 2378.622010410583 53.180086214790244 -27.799306052383297 516 30.873134489761668 1.644595010955067 0.008303720407889598 0.012578297094207429 29.099641308710822 1.0032601472032359 0.051150103663506155 0.007058820006998977 0.04252751340767569 0.03929829544217767 1.7734931810508456 9
1913.7915731432702 2382.335419859559 53.18015659222512 -27.799254468804875 517 29.13757108748065 0.38145834805770285 0.04106748230273144 0.014428971132070444 27.139068108293856 0.18914633180948887 0.05477844753942522 0.008097430769466276 0.2587612678230802 0.04508035794704646 1.9985029791867959 1
2238.809236410729 2384.075976228939 53.175053492147995 -27.79923081462752 518 32.54035137964239 5.258175370479634 0.0017880759497100884 0.008659866371292776 30.925818580942085 3.715387925983509 0.057072347184193545 0.004859396086483008 0.007910411594198363 0.027070321199819985 1.6145327987003029 9
5401.991431509154 2382.440927822527 53.12538842134308 -27.79924879384272 519 28.303607167121484 0.07102957550693971 0.08852861029569392 0.005791792953414784 26.757514499989206 0.05351351402452943 0.039899389358594065 0.0032493802907079226 0.367722931491103 0.018124846874357756 1.546092667132278 1
5401.679441537821 2387.0494695058974 53.12539334229802 -27.799184787677074 520 29.320242686341743 0.17780598470254408 0.034707988039287346 0.0056841558352856295 27.21491467265154 0.08002301643722597 0.0396751689300099 0.003189045584591109 0.24130184613662164 0.017785485492975817 2.1053280136902046 1
2228.5496100422174 2387.6857689517337 53.17521457292914 -27.799180665064338 521 29.275203156272646 0.3296560453839254 0.03617805803878704 0.010984908853952903 28.17925442159987 0.3752981701055333 0.049379372394691076 0.006164706446136715 0.09927153677008294 0.034315580817331014 1.095948734672774 8
3332.241915924162 2388.0805940540877 53.157885527693004 -27.799175568536718 522 27.657064822525342 0.040013450346524655 0.16058337623858338 0.005918296906695995 26.0009826846863 0.027211600283832897 0.04092987444380235 0.0033208680293713524 0.7381309907967764 0.018500253733693853 1.656082137839043 1
1899.4926405875517 2389.306535403098 53.180381084464265 -27.79915762056923 523 29.925117446604034 0.8758818550036321 0.019882891152847304 0.016040401202718248 28.164611340850442 0.5433761052202803 0.05306114187870903 0.008995762890778664 0.10061945885786883 0.05035848730179699 1.760506105753592 9
4444.605825587717 2389.464847013852 53.14042033553201 -27.799154545220556 524 28.677124946999527 0.09534082750846337 0.06275907513255494 0.005511192923278634 27.01592092801979 0.06461305023319414 0.03984834347914547 0.003091870467669197 0.28983988081905476 0.017249183733024396 1.6612040189797384 1
2244.4044173477205 2390.6367737040646 53.174965632657646 -27.799139699757824 525 31.084580038638833 1.9241532754449557 0.0068343072298107654 0.012112236015140025 -9999.0 -9999.0 0.05949418697978409 0.0067959978213848506 -0.006864334129071725 0.03789353197667332 -9999.0 24
1926.7861887532774 2392.2101181432163 53.17995254313908 -27.79911734462354 526 29.456462054657855 0.5983974464238004 0.030615523632627567 0.016874137572710557 27.3993952322136 0.2810983491729455 0.04576300282852125 0.009469839650523334 0.20359561535050563 0.052712896171941734 2.0570668224442556 9
3579.479667533539 2392.3790843369625 53.15400365929728 -27.799115657580252 527 28.26100289104965 0.06206379022909625 0.092071529391156 0.005263247753711684 26.49506908779425 0.03813544903804797 0.039746817328954395 0.0029533611950914363 0.4682727421678343 0.016448182089756305 1.7659338032554004 1
4437.423064684091 2392.884107117811 53.1405331218507 -27.79910707415431 528 28.523127366432192 0.08597462526665352 0.07232285586079773 0.005727116543102404 26.843550564213835 0.05727160568473172 0.039486879410465706 0.0032131519647894675 0.3397084016641587 0.017919909392926366 1.6795768022183566 1
1893.4075036267004 2394.3132527814214 53.18047661612797 -27.79908807115005 529 29.43960730337004 0.5179143075558417 0.031094501042611328 0.014833091071454767 27.489213234167835 0.269659577871336 0.0481675397817173 0.008319043103541087 0.18743091269524847 0.04655295274702029 1.9503940692022042 9
2237.3693459058068 2392.6203210492486 53.17507608714774 -27.799112141285423 530 29.876676550111966 0.5705299186462197 0.020790067223946412 0.010925076321200686 28.032561649246446 0.32612504883708404 0.057077428313339645 0.0061310173203266045 0.11363231484965564 0.03413313459502151 1.8441149008655202 9
1931.7740293848817 2395.427923663208 53.179874222474325 -27.799072662167966 531 29.291618284176238 0.3231002125390888 0.03563519995056086 0.010604900688863534 28.057241710157633 0.3238884330934085 0.04612352042983417 0.005951223843857885 0.11107845477267908 0.033137171103214576 1.2343765740186043 8
1892.7312343151282 2396.6716834232816 53.180487229071154 -27.79905531386865 532 29.460762587988235 0.6841874109244523 0.03049449730178405 0.019217049973611795 27.332733994502036 0.3023224740930532 0.048145164532544915 0.010778524231889276 0.21648754517593027 0.06028281317851971 2.1280285934861993 9
1926.0967545957658 2399.225244736541 53.179963353117174 -27.799019911028857 533 29.286038152765578 0.5830419020062572 0.03581881818656138 0.01923539825284062 27.269352496723258 0.28426334681894616 0.04629148411548743 0.010795010920004853 0.22950149290561717 0.060089216609832706 2.01668565604232 9
3428.218647546517 2397.9371007282098 53.15637860839088 -27.799038604092534 534 27.675318116950905 0.0337608357192445 0.15790623071347804 0.004910238845134799 25.922799822826853 0.02099964605795166 0.039023662221207955 0.0027552912766006118 0.7932436140376238 0.015342944766068447 1.7525182941240516 1
3355.570564145559 2399.4421077968764 53.157519253789495 -27.799017754587563 535 28.502494213357302 0.09215428770299075 0.07371041024191233 0.0062565444893973145 26.77453880352502 0.058594738658683206 0.04133702378295012 0.0035111961739262816 0.3620020185886099 0.0195370854500464 1.7279554098322834 1
4763.274121531987 2400.873180369531 53.13541697546044 -27.798995176471863 536 28.71487506620604 0.08383395867047648 0.06061449442968474 0.004680439367090372 26.99757016794858 0.0538646410883333 0.03866138786026642 0.002626316539231004 0.29478029319319976 0.01462488228126127 1.71730489825746 1
2244.9671769225715 2401.7678181541555 53.17495678041841 -27.798985102656978 537 29.320912240173428 0.44206004807895244 0.03468659085067102 0.014123197954446515 27.59018154414987 0.28046854151922845 0.06010025190347332 0.007925971085830005 0.17078664060776316 0.04411925946599242 1.7307306960235564 9
3132.995639972036 2402.644314553589 53.16101389291635 -27.79897338469021 538 29.26344583736104 0.18054004191938855 0.036571955167734024 0.006081516366451782 27.631196090763602 0.12542005322987398 0.03907648751796303 0.003412776196585913 0.16445537688370648 0.018997883506211156 1.632249746597438 1
1895.5684884025727 2402.73661621586 53.18044266829996 -27.798971084154893 539 27.882618634692605 0.3866793656103923 0.13046050634446926 0.04646438779634331 25.732877157490606 0.16710142596183808 0.03832343797401602 0.02606937044440375 0.9448778116219558 0.14542730927671532 2.1497414772019994 1
