775fw/HST/hst_10086_7e_acs_wfc_f775w_j8wc7e/hst_10086_7e_acs_wfc_f775w_j8wc7e_point-cat.ecsv
# %ECSV 1.0
# ---
# datatype:
# - {name: X-Center, unit: pix, datatype: float64, format: 10.3f, description: Pixel Coordinate}
# - {name: Y-Center, unit: pix, datatype: float64, format: 10.3f, description: Pixel Coordinate}
# - {name: RA, unit: deg, datatype: float64, format: 13.7f, description: Sky coordinate at epoch of observation}
# - {name: DEC, unit: deg, datatype: float64, format: 13.7f, description: Sky coordinate at epoch of observation}
# - {name: ID, unit: '', datatype: int64, format: 7d, description: Catalog Object Identification Number}
# - {name: MagAp1, unit: mag(AB), datatype: float64, format: 7.3f, description: ABMAG of source based on the inner (smaller) aperture}
# - {name: MagErrAp1, unit: mag(AB), datatype: float64, format: 7.3f, description: Error of MagAp1}
# - {name: FluxAp1, unit: electron / s, datatype: float64, format: 10.4f, description: Flux of source based on the outer (smaller) aperture}
# - {name: FluxErrAp1, unit: electron / s, datatype: float64, format: 10.4f, description: Flux of source based on the outer (smaller)
#     aperture}
# - {name: MagAp2, unit: mag(AB), datatype: float64, format: 7.3f, description: ABMAG of source based on the outer (larger) aperture}
# - {name: MagErrAp2, unit: mag(AB), datatype: float64, format: 7.3f, description: Error of MagAp2}
# - {name: MSkyAp2, unit: electron / (pix s), datatype: float64, format: 7.3f, description: Sky estimate from an annulus outside Aperture
#     2}
# - {name: StdevAp2, unit: electron / (pix s), datatype: float64, format: 7.3f, description: Standard deviation of sky estimate from annulus
#     outside Aperture 2}
# - {name: FluxAp2, unit: electron / s, datatype: float64, format: 10.4f, description: Flux of source based on the outer (larger) aperture}
# - {name: FluxErrAp2, unit: electron / s, datatype: float64, format: 10.4f, description: Flux of source based on the outer (larger) aperture}
# - {name: CI, unit: mag(AB), datatype: float64, format: 7.3f, description: Concentration Index}
# - {name: Flags, unit: '', datatype: int64, format: 5d, description: Numeric encoding for conditions on detected sources}
# meta: !!omap
# - h00: [' #==================================================================================================']
# - h01: [' # All refereed publications based on data obtained from the HAP must carry the following footnote: ']
# - h02: [' #                                                                                                  ']
# - h03: [' #     Based on observations made with the NASA/ESA Hubble Space Telescope                          ']
# - h04: [' #     and obtained from the Hubble Advanced Products collection generated                          ']
# - h05: [' #     by the Space Telescope Science Institute (STScI/NASA).                                       ']
# - h06: [' #                                                                                                  ']
# - h07: [' # One copy of each paper resulting from data obtained from the HAP should be sent to the STScI.    ']
# - h08: [' #==================================================================================================']
# - {WCSNAME: IDC_4bb1536oj-FIT_SVM_GSC242}
# - {WCSTYPE: undistorted a posteriori solution aligned by visit to GSC242}
# - {Proposal ID: 10086}
[...]
# - h10.4: ['the selected aperture. For details, see Whitmore et al., 2016 AJ, 151, 134W.']
# - h10.5: [' ']
# - h11: ['The X and Y coordinates in this table are 0-indexed (i.e. the origin is (0,0)).']
# - h12: [RA and Dec values in this table are in sky coordinates (i.e. coordinates at the epoch of observation]
# - h12.1: [and an undistorted a posteriori solution aligned by visit to GSC242).]
# - h13: [Magnitude values in this table are in the ABMAG system.]
# - h14: ['Column titles in this table ending with Ap1 refer to the inner photometric aperture ']
# - h14.1: ['(radius = 1.000000000000064 pixels, 0.05 arcsec.']
# - h15: ['Column titles in this table ending with Ap2 refer to the outer photometric aperture ']
# - h15.1: ['(radius = 3.000000000000192 pixels, 0.15 arcsec.']
# - h16: [CI = Concentration Index (CI) = MagAp1 - MagAp2.]
# - h17: ['Flag Value Identification:']
# - h17.1: ['    0 - Stellar Source (0.9 < CI < 1.23)']
# - h17.2: ['    1 - Extended Source (CI > 1.23)']
# - h17.3: ['    2 - Questionable Photometry (Single-Pixel Saturation)']
# - h17.4: ['    4 - Questionable Photometry (Multi-Pixel Saturation)']
# - h17.5: ['    8 - Faint Detection Limit']
# - h17.6: ['   16 - Hot pixels (CI < 0.9)']
# - h17.7: ['   32 - False Detection Swarm Around Saturated Source']
# - h17.8: ['   64 - False Detections Near Image Edge']
# - h17.9: ['  128 - Bleeding and Cosmic Rays']
# - h18: ['#=================================================================================================']
# schema: astropy-2.0
X-Center Y-Center RA DEC ID MagAp1 MagErrAp1 FluxAp1 FluxErrAp1 MagAp2 MagErrAp2 MSkyAp2 StdevAp2 FluxAp2 FluxErrAp2 CI Flags
[from data line 217]
2947.9563887236263 1411.5119146427244 53.163919243859986 -27.81273913198581 218 30.2780786572091 0.5934612367741635 0.014364650068110246 0.00785195081076612 28.354001058563213 0.3152296604559375 0.0523651027669237 0.004406172948110004 0.08451350048568473 0.024538235297084925 1.9240775986458871 9
2951.853332417501 1410.7645810402528 53.16385805045006 -27.81274951181224 219 31.36141661277412 1.658460925513548 0.005296145020247139 0.008090125791593478 -9999.0 -9999.0 0.05555219809851937 0.004540163423187097 -0.002673516922439667 0.02526929656870991 -9999.0 24
2965.148087714129 1411.584858348469 53.16364928374556 -27.812738119534277 220 30.68182079944649 0.7580575609152891 0.009903716362479414 0.006914973813887799 -9999.0 -9999.0 0.0573820221510266 0.0038804779871178053 -0.01794886201532142 0.021604349292895484 -9999.0 24
2979.050120933559 1412.5955758653724 53.163430981041245 -27.8127240819391 221 28.92878606888801 0.6483524459835144 0.04977509368322794 0.02972442087001879 26.76769114913386 0.27673792211228365 0.04591111276867027 0.016681572296993522 0.3642923522489725 0.09285576918373098 2.1610949197541487 9
1836.53787167348 1413.0675151258865 53.181371771199466 -27.81271637016025 222 28.107965311963227 0.047900449291733115 0.106008426649809 0.00467702981047765 26.484391232305796 0.03356071100336847 0.039132244552123996 0.0026243072511769154 0.47290076953904103 0.01461811371444258 1.6235740796574305 1
2931.9285518062525 1413.6096303536308 53.16417092772934 -27.812709995965797 223 29.865558054134752 0.33975265676178157 0.021004062020736375 0.006572889264377284 28.38301378764551 0.2709540328302825 0.0472780766890568 0.003688490047539516 0.08228506160010673 0.020535570859571833 1.482544266489242 9
3036.2616305996085 1414.2886100923488 53.16253259281009 -27.81270056456644 224 30.983405513187186 0.8401052442331134 0.007501779735026248 0.0058048120995461425 -9999.0 -9999.0 0.04903864178403809 0.0032575343855322735 -0.01285420544200444 0.018131129228060462 -9999.0 24
4250.0167633116425 1413.546529898371 53.143473081891116 -27.812709437436784 225 28.54275257978985 0.16490071848136875 0.07102732875615583 0.010787931789354775 27.0341658796782 0.1283924669996121 0.0478464615258838 0.006054050320610053 0.2850100417637398 0.03370465357070003 1.5085867001116497 1
2948.4591337506286 1414.4440464695422 53.16391134911417 -27.81269840796514 226 31.544370351032597 1.7975915005511047 0.004474848878855214 0.007408999088957146 -9999.0 -9999.0 0.05452959024996469 0.004157959882470255 -0.003625736135447477 0.023138814293357738 -9999.0 24
2960.592269868332 1415.7179884571601 53.163720823306804 -27.81268071483515 227 30.198406679128283 0.5658941670893661 0.01545837512444137 0.0080572942024507 29.30500393071584 0.7764709766799407 0.05704238673760778 0.004521575497272818 0.03519856363464413 0.025173310383276384 0.8934027484124414 8
2963.8467199953166 1415.2427932604899 53.163669718932624 -27.8126873148588 228 30.040934902635733 0.5121033525543388 0.0178711521625034 0.008429471250277897 28.839155394589262 0.5288594048992888 0.05670908140176434 0.004730533269535554 0.054058545429336524 0.026332661108483084 1.2017795080464708 8
3017.2076093561586 1415.0425455007205 53.16283179679891 -27.81269009489154 229 29.199816705714056 0.5552481620977482 0.03877928803008951 0.019832484485738607 27.30744546010733 0.30367254786735265 0.05339071289827563 0.011129500950149382 0.22158906736493988 0.0619789229679117 1.892371245606725 9
3029.325021805426 1414.712189180435 53.16264151792428 -27.81269468219923 230 30.693903475197445 1.1194197558440773 0.009794113297074858 0.010098299636843297 -9999.0 -9999.0 0.0497918972524546 0.005667122166125859 -0.0010944235951075854 0.0315459073297947 -9999.0 24
1946.5231406872724 1415.772580752046 53.17964467469 -27.8126790120441 231 28.336210815096692 0.06175608666265858 0.08590969706258769 0.004886659940093866 27.110967055088103 0.062421064331786326 0.03866185028688843 0.002742107170646506 0.265545955807583 0.01526725724464477 1.2252437600085884 0
2945.6910225558963 1416.9544898121342 53.163954816402125 -27.812663540549398 232 -9999.0 -9999.0 -0.0009860304270209452 0.008023343130706346 -9999.0 -9999.0 0.053669802544501 0.0045028409833290425 -0.08451621906661289 0.025054251224876756 -9999.0 24
2997.9642833607695 1416.0469744303346 53.16313397337852 -27.81267614550235 233 28.347298424319497 0.6461323539835786 0.08503684600197159 0.05060795568075248 26.044445898637264 0.2423601042321447 0.05369928439981059 0.02839637449178554 0.7091664056653972 0.1583067550842784 2.3028525256822334 9
2984.882058740726 1418.1572361770998 53.163339402596776 -27.81264683662716 234 28.75627433573174 0.8828288465917825 0.0583467646640608 0.047444235931412886 26.88588586376165 0.4938132358307313 0.08320096531963866 0.026616461090013296 0.3267173276457638 0.14860213757642426 1.870388471970088 9
4214.915943472086 1418.9000679385772 53.14402428082287 -27.812635160960035 235 30.41814596128023 0.640093306859631 0.01262606815036979 0.007443917946951517 28.737994967634734 0.4253676537908032 0.0483305093390171 0.004177558235711764 0.05933740188278902 0.023247869043864743 1.6801509936454977 9
2939.7353688887406 1419.4730670256354 53.16404833737937 -27.812628559941906 236 30.50101712908633 0.6695133248288905 0.011698216699032926 0.007213882248078089 29.32781248190779 0.7100441087390614 0.04959968148187159 0.004048160374247268 0.03446684418921864 0.02254119891625849 1.1732046471785367 8
2943.703602659913 1420.1832703827756 53.16398602448134 -27.812618696263623 237 29.73280077576313 0.37486780471229864 0.023735927312282606 0.008195482144575914 28.323144919759237 0.31959327649194397 0.050821716837610054 0.00459937494122919 0.08694979166434802 0.025595071205950906 1.4096558560038943 9
1965.082423775479 1421.682149744564 53.179353227665004 -27.812596968406154 238 27.039721475417743 0.017991623734555595 0.2835554007357325 0.004698924268157343 25.60660534991078 0.015012717254597498 0.040009749373672784 0.0026368329791168223 1.0614129296168202 0.014676883303593364 1.433116125506963 1
2984.922969034435 1422.0470001844653 53.1633387602396 -27.81259281213427 239 29.04255802672879 1.4766536722610784 0.04482324589497372 0.060963811967831114 26.522595673719934 0.45600516227596544 0.08765295991301536 0.03418102969940314 0.45654989177395855 0.19175564841619086 2.5199623530088573 9
2931.0400143018583 1423.7764161828316 53.164184879412964 -27.812568790553833 240 29.9827628337669 0.40286281985700995 0.018854776126551454 0.006996304944381642 28.254256801495302 0.25615655034535917 0.04723519351662828 0.003926123267180122 0.09264538556176949 0.02185845295285863 1.7285060322715964 9
2959.0944977852573 1426.2090782433902 53.16374434231185 -27.81253500522723 241 -9999.0 -9999.0 -0.007448575871093099 0.008704951688822422 -9999.0 -9999.0 0.0592276711721678 0.004885227561210767 -0.0620371683218619 0.027189699979787332 -9999.0 24
2944.6745053019436 1427.30204785228 53.16397077800199 -27.81251982442671 242 29.527049775574177 0.31726194626774623 0.02868841822078308 0.008383295017102986 27.863467806810128 0.21413102697914946 0.05178273608118801 0.004704617841043481 0.1327820565940372 0.026188411294910865 1.6635819687640492 1
2950.062246856496 1428.2242537757274 53.16388617477157 -27.812507016306167 243 30.261405931672847 0.6006969000865863 0.01458693813240644 0.008070671933214852 28.34889498011175 0.3223630975342349 0.05448625441324913 0.00452916451484314 0.08491189272459265 0.025211808746609884 1.9125109515610959 9
2958.423728073051 1431.5218869758519 53.16375487513565 -27.812461216204525 244 -9999.0 -9999.0 -0.0033771214219090184 0.00848442406023386 -9999.0 -9999.0 0.05970224374372149 0.004761543289835143 -0.07254438290671716 0.026497462288998862 -9999.0 24
3040.602587100117 1430.195539053028 53.162464429079066 -27.812479634563246 245 29.895905664943975 0.761069460092967 0.020425102642586873 0.014317879562067813 27.96526189891545 0.4019836647604854 0.04459449313709893 0.008034350749347729 0.12089873426453357 0.04476311712679494 1.930643766028524 9
3021.37908387821 1433.6592583454587 53.16276629405975 -27.81243152916629 246 29.4116958163563 0.8872074321806208 0.03190422409417701 0.02607135003620694 26.870600569199183 0.26689432594367346 0.0610392696547265 0.014631166610836733 0.3313494743561898 0.08145463259656054 2.5410952471571164 9
3034.6937032423193 1435.1409264181552 53.16255721623247 -27.81241094926309 247 28.569769852931486 0.23212838754626616 0.06928170587682955 0.014812794208016133 27.050744363172903 0.17898361048622835 0.060827276464235955 0.008312983399346397 0.2806911813740245 0.046273483535016736 1.519025489758583 1
4082.4771226908433 1436.238937775225 53.14610399511714 -27.812394618732277 248 22.540101499685022 0.0011744366770284613 17.884875190762102 0.019346645839649453 21.525962365343126 0.001442637007426771 0.03894705172499706 0.010856458364225774 45.513639735434076 0.06047679932304208 1.014139134341896 0
3004.8292336578847 1437.789781233851 53.16302617475023 -27.812374161832206 249 28.05502783425561 0.6625847217674004 0.11130518093293534 0.06792770778273843 25.500819530379687 0.19833085211134152 0.07531039014218316 0.03808362764849586 1.1700345911301948 0.21373672051081938 2.5542083038759245 1
2956.8288920174914 1439.105404630057 53.16377991835435 -27.812355889527456 250 30.495354909110432 0.9222392812610737 0.011759383394137984 0.009988915252356286 29.522745856470465 1.1759320582061086 0.05765642327341167 0.005605932042877352 0.02880236641611411 0.031196118652397128 0.9726090526399673 8
2950.8611968416744 1440.7028197860534 53.16387362825966 -27.812333702952756 251 30.711206643928584 1.1242448511780059 0.009639263582705587 0.0099814796463152 29.270827673091254 0.9320964942667909 0.05020207553138943 0.00560145973326018 0.03632414866158462 0.031185052615537223 1.4403789708373296 9
2957.3264156385217 1441.5363265495944 53.16377210570046 -27.812322126746214 252 30.0440869512043 0.6286052289639313 0.017819344872397502 0.010317153323662787 28.48479051819561 0.46704015363983026 0.056102429393489486 0.005789947767566715 0.07492216290110254 0.03222958319274138 1.55929643300869 9
2964.2189741174507 1442.9342744726034 53.163663872686946 -27.812302711016603 253 31.351666817036993 2.581613533823008 0.005343918016894045 0.012706945819337085 28.39887275386166 0.5314576635563253 0.06032631174992707 0.007131146462666108 0.08109188804285594 0.03969504039110926 2.9527940631753324 9
3035.327948658133 1441.7321976019277 53.16254725750672 -27.81231940377854 254 29.052205721149818 0.2903973802398411 0.04442671739039808 0.011883026934537523 27.18515744841755 0.16256981319986935 0.058750745853128505 0.006668387124127861 0.24800676890588957 0.0371358700316235 1.8670482727322693 1
2972.1036150693103 1443.56240007562 53.16354006118109 -27.81229398718909 255 29.510546468066835 0.7070228814590284 0.029127816263256945 0.01896843749199325 27.03685730439902 0.22719351312560854 0.059527534140406485 0.010639312317047263 0.2843044071030125 0.05949352219473761 2.4736891636678138 9
2957.5736656763943 1444.5382667437568 53.163768223041224 -27.812280433147198 256 32.16220407136033 4.571506129709175 0.0025330565480794764 0.010665822544390982 28.788151676771463 0.6382119988922988 0.05339983275672733 0.005985946016983709 0.056658600493765476 0.0333058843838687 3.3740523945888654 9
3018.021446084926 1446.4265458246648 53.162819019699675 -27.812254206002326 257 29.135392975363054 0.7857624324749608 0.04114995110460923 0.029781786567360635 26.918460772706332 0.31866022086278084 0.04869265425886718 0.01671316549395552 0.3170605470210053 0.09305939388467131 2.2169322026567215 9
3039.737861915104 1448.190788558962 53.162478009997756 -27.812229700672614 258 28.851243667529857 0.254608582309545 0.05346001135216635 0.012536960210580504 27.199837771222043 0.1737597951015443 0.05268804170191288 0.007035872737647003 0.24467601870060918 0.039158934213576004 1.6514058963078142 1
3638.3277729101146 1449.5245900661416 53.153078438139275 -27.812210791856305 259 27.10319406853612 0.06427581306268336 0.26745386988645586 0.015833853683073662 25.410181498671967 0.04249760518602617 0.03751670468657736 0.008878039508101268 1.2719027730417258 0.049786148921192874 1.6930125698641518 1
3068.0181184244752 1450.2300269490543 53.16203392944951 -27.812201374110842 260 29.564085050559655 0.230151819195356 0.02772633673569813 0.005877559951500371 27.924113954214818 0.15877274569306524 0.04415850060022607 0.0032982470025380395 0.12556856523521764 0.018363144400049995 1.639971096344837 1
2971.2434312037485 1450.425246684526 53.16355356844288 -27.812198669878537 261 30.13352035137582 0.9285089437872127 0.01641037000094192 0.01403442508679372 28.785995798569125 0.8386590023839314 0.05608395282369831 0.007875867080207632 0.056771215688314 0.043853450412898974 1.3475245528066964 9
2992.2353197289144 1452.902743040217 53.16322393591511 -27.812164260072816 262 28.89989304882438 0.6253894174572461 0.051117463331570384 0.02944489326224826 26.530764802705022 0.22042026725275143 0.042621179566192796 0.016524402266344065 0.45312768003928294 0.09199458813104723 2.3691282461193595 9
1643.9235604340283 1452.7028533809817 53.18439627394197 -27.812165456028996 263 29.00348145012417 0.12243500075128375 0.04646585508158149 0.005239980659318846 27.014727419506357 0.061248652429738724 0.03974758146677987 0.002940462184060874 0.2901586659579385 0.01636900366651417 1.9887540306178124 1
2962.161256166339 1453.9131742641766 53.16369618441687 -27.812150226264084 264 30.450874020447905 0.8843807289888769 0.012251151359290224 0.009979443833547165 28.88215587999764 0.6512297734702378 0.0511513720909353 0.0056006162757819365 0.05195940409544075 0.031166538600646977 1.5687181404502653 9
2980.9415199992254 1453.9486611763616 53.163401280773684 -27.81214973360597 265 29.733034277841924 0.7402238571662478 0.023730823132827678 0.01617953526122476 27.762240412514835 0.37657785717102904 0.04989819972435769 0.009079692398569088 0.14575731134104486 0.05055630097800607 1.9707938653270887 9
3032.8439478151545 1454.136282793653 53.16258626482174 -27.812147125088654 266 30.614224675039004 0.9238643434721063 0.010539903718566862 0.008968813879720905 31.55826855602149 6.888897968376553 0.055878455824253895 0.005032862687224023 0.004417932653492107 0.02803231765779332 -0.944043880982484 8
3634.742951643085 1453.2583547651545 53.15313473499555 -27.812158938213795 267 27.547313197798005 0.12107143926681728 0.17766473585337536 0.0198122181788036 25.4243388641706 0.05364170707806129 0.043635875560797246 0.01111537173250171 1.2554255643546353 0.06202742044894641 2.122974333627404 1
2277.741358887683 1455.6208540735893 53.174443524045095 -27.81212607325399 268 27.629611496267593 0.03853584760575123 0.16469556906042088 0.005845706319107355 25.89831788723162 0.024493955001616 0.040450818407878605 0.00327937189281902 0.8113334072889609 0.018304102394255863 1.7312936090359727 1
3037.2350249603724 1454.9839401166037 53.162517312503965 -27.81213535162718 269 29.59859594902921 0.4363720033300263 0.02685889454374782 0.010795311429755133 27.777896867861735 0.2550115587714665 0.05140759768927919 0.0060577501696116405 0.14367055402827345 0.03374564974883504 1.8206990811674757 9
2967.6459863686064 1456.5394902672253 53.163610058473154 -27.812113749785624 270 30.021038867387915 0.48812043632512164 0.018201658702680257 0.008183293347879924 28.62188628267846 0.42041119958480916 0.05198786147065944 0.004592205893730751 0.06603466828685733 0.025570336288719395 1.399152584709455 9
3028.774058287704 1455.358620100838 53.16265017380428 -27.812130148565526 271 30.207609942991674 0.5287718590410297 0.015327895696744448 0.0074651928734959586 31.018573917302085 3.4857126416393704 0.05561537894646863 0.004189424800341648 0.007262680627834861 0.023317323087992385 -0.8109639743104111 8
