775fw/HST/hst_10086_7e_acs_wfc_f775w_j8wc7e/hst_10086_7e_acs_wfc_f775w_j8wc7e_segment-cat.ecsv
# %ECSV 1.0
# ---
# datatype:
# - {name: X-Centroid, unit: pix, datatype: float64, format: 10.3f, description: Pixel Coordinate}
# - {name: Y-Centroid, unit: pix, datatype: float64, format: 10.3f, description: Pixel Coordinate}
# - {name: RA, unit: deg, datatype: float64, format: 13.7f, description: Sky coordinate at epoch of observation}
# - {name: DEC, unit: deg, datatype: float64, format: 13.7f, description: Sky coordinate at epoch of observation}
# - {name: ID, unit: '', datatype: int32, format: 7d, description: Catalog Object Identification Number}
# - {name: CI, unit: mag(AB), datatype: float64, format: 7.3f, description: Concentration Index}
# - {name: Flags, unit: '', datatype: int32, format: 5d, description: Numeric encoding for conditions on detected sources}
# - {name: MagAp1, unit: mag(AB), datatype: float64, format: 7.3f, description: ABMAG of source based on the inner (smaller) aperture}
# - {name: MagErrAp1, unit: mag(AB), datatype: float64, format: 7.3f, description: Error of MagAp1}
# - {name: FluxAp1, unit: electron / s, datatype: float64, format: 10.4f, description: Flux of source based on the inner (smaller) aperture}
# - {name: FluxErrAp1, unit: electron / s, datatype: float64, format: 10.4f, description: Error of FluxAp1}
# - {name: MagAp2, unit: mag(AB), datatype: float64, format: 7.3f, description: ABMAG of source based on the outer (larger) aperture}
# - {name: MagErrAp2, unit: mag(AB), datatype: float64, format: 7.3f, description: Error of MagAp2}
# - {name: FluxAp2, unit: electron / s, datatype: float64, format: 10.4f, description: Flux of source based on the outer (larger) aperture}
# - {name: FluxErrAp2, unit: electron / s, datatype: float64, format: 10.4f, description: Error of FluxAp2}
# - {name: MSkyAp2, unit: electron / (pix s), datatype: float64, format: 7.3f, description: Sky estimate from an annulus outside Aperture
#     2}
# - {name: Bck, unit: electron / s, datatype: float32, format: 10.4f, description: Background at the position of the source centroid}
# - {name: Area, unit: pix2, datatype: float64, format: 8.3f, description: Total unmasked area of the source segment}
# - {name: FWHM, unit: pix, datatype: float64, format: 8.3f, description: Circularized FWHM of 2D Gaussian function having the same second-order
#     central moments as the source}
# - {name: MagSegment, unit: mag(AB), datatype: float64, format: 7.3f, description: Magnitude corresponding to FluxSegment}
# - {name: FluxSegment, unit: electron / s, datatype: float64, format: 10.4f, description: Sum of unmasked data values in the source segment}
# - {name: FluxSegmentErr, unit: electron / s, datatype: float32, format: 10.4f, description: 'Uncertainty of FluxSegment, propagated
#     from the input error array'}
# - {name: KronRadius, unit: pix, datatype: float64, format: 8.4f, description: The unscaled first-moment Kron radius}
# - {name: Xmin, unit: pix, datatype: int64, format: 8.0f, description: Minimum X pixel within the minimal bounding box containing the
#     source segment}
# - {name: Ymin, unit: pix, datatype: int64, format: 8.0f, description: Minimum Y pixel within the minimal bounding box containing the
#     source segment}
# - {name: Xmax, unit: pix, datatype: int64, format: 8.0f, description: Maximum X pixel within the minimal bounding box containing the
[...]
# - h12: [RA and Dec values in this table are in sky coordinates (i.e. coordinates at the epoch of observation]
# - h12.1: [and an undistorted a posteriori solution aligned by visit to GSC242).]
# - h13: [Magnitude values in this table are in the ABMAG system.]
# - h14: ['Column titles in this table ending with Ap1 refer to the inner photometric aperture ']
# - h14.1: ['(radius = 1.000000000000064 pixels, 0.05 arcsec.']
# - h15: ['Column titles in this table ending with Ap2 refer to the outer photometric aperture ']
# - h15.1: ['(radius = 3.000000000000192 pixels, 0.15 arcsec.']
# - h16: [CI = Concentration Index (CI) = MagAp1 - MagAp2.]
# - h17: ['Flag Value Identification:']
# - h17.1: ['    0 - Stellar Source (0.9 < CI < 1.23)']
# - h17.2: ['    1 - Extended Source (CI > 1.23)']
# - h17.3: ['    2 - Questionable Photometry (Single-Pixel Saturation)']
# - h17.4: ['    4 - Questionable Photometry (Multi-Pixel Saturation)']
# - h17.5: ['    8 - Faint Detection Limit']
# - h17.6: ['   16 - Hot pixels (CI < 0.9)']
# - h17.7: ['   32 - False Detection Swarm Around Saturated Source']
# - h17.8: ['   64 - False Detections Near Image Edge']
# - h17.9: ['  128 - Bleeding and Cosmic Rays']
# - h18: ['#=================================================================================================']
# schema: astropy-2.0
X-Centroid Y-Centroid RA DEC ID CI Flags MagAp1 MagErrAp1 FluxAp1 FluxErrAp1 MagAp2 MagErrAp2 FluxAp2 FluxErrAp2 MSkyAp2 Bck Area FWHM MagSegment FluxSegment FluxSegmentErr KronRadius Xmin Ymin Xmax Ymax X2 Y2 XY CXX CYY CXY Elongation Ellipticity Theta
[from data line 477]
3506.050642431334 1734.681747548647 53.155152323227966 -27.80824750796735 478 1.8536954406943593 1 29.43878682118195 0.1624692370316446 0.031118007789793706 0.004656644545963485 27.58509138048759 0.09201787996909032 0.1715892047514378 0.01454294450291007 0.040224386310135876 0.037362136 16.0 2.907017532451325 27.500077958721747 0.18556468561291695 0.43090758 3.928102639825018 3504 1733 3508 1738 1.2580894808298084 1.789874635230152 -0.4420555021342001 0.8703882843013118 0.6117894086901683 0.4299294738249271 1.4224658013050129 0.296995401167065 -60.51327310868446
3748.194670451 1735.1222920554465 53.15135010948506 -27.808241110546792 479 1.4201788699197095 1 28.243318912982218 0.05424229754385471 0.09358342776855506 0.004675490590582848 26.82314004306251 0.04579792671152632 0.3461549101842716 0.014601802714796207 0.03870773211322248 0.037362136 19.0 2.5899584780638922 26.84385822833812 0.3396121524274349 0.58288133 3.8663042180623615 3746 1733 3750 1737 1.2275523255238263 1.1918057510235673 -0.20900872369474763 0.8397023645776291 0.8648880822230076 0.29451967210781077 1.1914620864679404 0.1606950725855868 -42.5561341032152
3118.1074128425153 1738.1314985534661 53.161243919298926 -27.808199824324006 480 1.8869184309206304 1 29.62895547779584 0.22320445427834706 0.02611826491297292 0.005369543213224114 27.74203704687521 0.12263888428020535 0.14849495356936004 0.016773745442559832 0.041113681194640816 0.037362136 17.0 2.8173912458706227 27.51657518955441 0.18276643380522728 0.42765686 3.9565206076259627 3116 1736 3120 1741 1.2979801287579367 1.564937608964127 0.25556612905943565 0.7960235439927993 0.6602325461460663 -0.259993311698954 1.2265577859415555 0.18471024238588207 58.78872887798711
3194.897035634814 1743.3068090675815 53.160038149532966 -27.808127920792504 481 2.1821158279946147 1 29.427611386934643 0.19678756024789584 0.031439958121468936 0.005698620846476826 27.24549555894003 0.08241681856264099 0.23460015249406063 0.017808785302450864 0.040178868460328615 0.037362136 63.0 6.958974894675078 26.040618869712603 0.7116705030202866 0.8438779 3.912224171704261 3190 1736 3199 1750 6.218236004772728 11.24823177541681 6.373120894761009 0.38353885118407627 0.21202755608879834 -0.4346175497158606 2.8777931143515962 0.6525115043840416 55.767735404023526
4482.003112745102 1740.0360359569604 53.13982765679756 -27.808171383533523 482 1.4255036570135857 1 28.990027435990676 0.0969618106094676 0.04704522384242309 0.004201519834474566 27.56452377897709 0.08148733925950398 0.17487068130012884 0.013124939240714926 0.038854763846276175 0.037362136 9.0 1.8459234739462822 27.927823999410705 0.1251402199268341 0.3538444 3.8453817746433674 4481 1739 4483 1741 0.6162705834824229 0.6127012594504456 -0.015989526720352826 1.6237632993934201 1.633222619539042 0.08474996994935756 1.0265344801997571 0.025848601008115923 -41.81566154668236
2669.56462242941 1744.7704752033815 53.16828705880205 -27.808107548620224 483 1.3749937446621843 1 29.158149473868093 0.15576614139087586 0.040296444095197476 0.005781359130958877 27.78315572920591 0.1373454705372177 0.14297635529143315 0.018087091087039056 0.03945873732822881 0.037362136 10.0 2.023499734726209 27.90779989171797 0.12746958062052727 0.35713091 3.9292410094383365 2668 1744 2671 1746 0.9553043826868212 0.5214927865411253 -0.01771200775911354 1.0474463763221653 1.9187803546944808 0.07115104493668961 1.354913609407807 0.2619455638673003 -2.3341392435791253
3848.9639391184846 1747.0055441611994 53.14976782262207 -27.80807591871631 484 1.9274006154875423 1 29.5520318985224 0.16846777606717692 0.028035851712656407 0.004350315545897004 27.62463128303486 0.08917596058456236 0.1654527539811783 0.013589765374995715 0.039946801354319356 0.037362136 16.0 2.8656066767371455 27.623776846588875 0.16558301076292992 0.40706223 3.8905072265706315 3847 1745 3852 1748 2.1435084544880394 0.8182368486980911 0.37657373805521016 0.5075628151380619 1.3296457953015228 -0.4671870422322901 1.7666143550468907 0.4339455030787083 14.804713122744118
2462.8438198095187 1747.1932624441592 53.17153304102999 -27.808073747333133 485 1.1081862186494291 0 29.208855866823882 0.16259968435316285 0.03845777612372164 0.005759622601677942 28.100669648174453 0.18310904635788247 0.10672315470634453 0.017999424410595467 0.039102922206463886 0.037362136 8.0 1.7794644581028052 28.110772379780343 0.10573470592498779 0.3252584 3.897026757691675 2462 1746 2464 1748 0.572866865119867 0.569204345172412 0.11160492704184288 1.8149337964629115 1.8266119069503537 -0.7117147142601803 1.218983758710509 0.17964452532342112 44.52997571167846
2250.5378383610855 1749.3843833682295 53.17486672143375 -27.80804308055683 486 1.9107349708058265 1 28.80811676098031 0.09938021447860852 0.05562625332459707 0.0050917831684994625 26.897381790174485 0.053426302899327094 0.32327624845967295 0.015908128184917204 0.03950049906817017 0.037362136 36.0 3.985967975593292 26.47959469733093 0.47499455884099007 0.68938893 3.9070196187651787 2247 1747 2254 1752 4.016054595979581 1.7143087193629594 0.7127675252778333 0.2688386435854508 0.629799439245385 -0.22355303047009797 1.6707069729933792 0.401450992804372 15.885540713170672
2893.549410916244 1753.705223651048 53.16476998882868 -27.807983533367885 487 1.8326488246654762 1 27.335536122104806 0.033818841996254546 0.2159295426060126 0.006726063446362949 25.50288729743933 0.01954179559474827 1.1678083997014106 0.02101968595449484 0.040227126865966675 0.037362136 97.0 6.165900320141731 24.841667839524803 2.147135131061077 1.4655519 3.795113117300537 2889 1747 2898 1764 3.9696296523085595 9.742583216829688 2.3922198533046983 0.2956622551406997 0.12046801438118596 -0.1451953965142682 1.847451216689024 0.45871371813964 70.1745722756546
1533.8464079076443 1755.3745250579004 53.18612037500646 -27.807958501263155 488 2.0613364483763874 1 29.027755379697354 0.16865681598131207 0.04543853929907579 0.007058597550910787 26.966418931320966 0.0789363805385464 0.3033604368973528 0.0220559776064006 0.040966746775566915 0.037362136 81.0 6.988282429363762 25.651710132640936 1.0182219631969929 1.0093625 3.899970783793398 1527 1750 1540 1761 10.100278993182974 7.513617695072687 -6.369961917297383 0.212770675264722 0.2860197669028246 0.3607692468683199 2.57583495779793 0.6117763690671798 -39.2614570522116
2473.2189806579895 1751.3201303727415 53.17137012337418 -27.808016439139315 489 1.6230951841748222 1 29.447311044593384 0.18979482834098124 0.030874653750326123 0.00539730091980324 27.824215860418562 0.13300041660188439 0.13767027168962165 0.01686488301410545 0.038940041036736026 0.037362136 7.0 2.022855134331499 28.386206641349865 0.08204343914985657 0.28652135 3.9080500080902145 2472 1750 2475 1752 1.002379465063293 0.47347696530756733 -0.35600261087308666 1.3610911534196042 2.8815125597099827 2.046781743390107 2.003056767814273 0.5007630257572802 -26.696868754089977
2497.4093921563244 1756.4918982835575 53.17099027445689 -27.807944630235657 490 1.8484582231598665 1 29.68404280072238 0.2756967495683301 0.024826151045487785 0.00630421769138195 27.835584577562514 0.15688218417311386 0.13623625055706534 0.0196859542700083 0.039758924919886876 0.037362136 9.0 2.4564391166797206 28.183740555828976 0.09886220470070839 0.31452793 3.9489842527950496 2496 1755 2499 1758 1.0762605658889202 1.1000784942655633 -0.8140095219403517 2.1100186747478924 2.064334413187922 3.1226413418134076 2.634526641578907 0.6204251708000619 -45.41908890048377
2223.37687509327 1759.0156280551864 53.17529319520301 -27.807909277503498 491 1.6611976974976628 1 28.706136197540857 0.08730592868740998 0.06110433677488375 0.004913669401270594 27.044938500043195 0.059039721921574806 0.28219616900917677 0.01534566026124668 0.0386406253734823 0.037362136 21.0 2.883347487068055 27.02399366024899 0.2876928374171257 0.5365128 3.890456780838376 2221 1757 2226 1762 1.3452173533353662 1.6533134653522374 0.06861793998565145 0.7449513806410617 0.6061291737051174 -0.06183585895874393 1.1195863818119305 0.1068130014393287 77.99513843298146
2077.44155626913 1761.6249940601554 53.17758470121158 -27.80787282163781 492 1.674956326926896 1 28.019475441005284 0.04252993277400753 0.11501019432608461 0.004505273862958387 26.344519114078388 0.02840188940730804 0.5379214569298345 0.01407201411949818 0.038355603688270665 0.037362136 31.0 3.30554007759219 26.20930594043824 0.6092620640993118 0.7806972 3.830540396821121 2074 1759 2080 1764 2.121083536008406 1.8198526428495052 -0.13962517298141705 0.47385032655033255 0.5522843457283332 0.0727107593813707 1.1102753310535443 0.0993225085429068 -21.415734828450148
2098.879021099595 1762.22664296086 53.17724808414533 -27.80786449930876 493 2.3757895975252907 1 29.184117986640643 0.15410094452063922 0.03934407316321396 0.005584377669467076 26.808328389115353 0.05398078348416412 0.35090952601201475 0.01744715036030692 0.03942498900503123 0.037362136 42.0 4.714524832211041 26.242690301359247 0.5908134765923023 0.7688431 3.9043794154924907 2095 1759 2104 1767 4.367408533338737 3.6491949445759797 2.213141802656558 0.3305571378238232 0.395615495037781 -0.40094860975941277 1.881186136842725 0.4684204925737212 40.39172540210677
2495.6705497475264 1765.860701527053 53.17101756909707 -27.807814506491713 494 1.6908850988098933 1 29.84540332511068 0.30968251023628307 0.021397605858941987 0.006103402685312473 28.154518226300787 0.20385097633072077 0.10155918875989234 0.019068748074108882 0.039909264490920665 0.037362136 6.0 1.9319914611960298 28.70726726490311 0.061040714383125305 0.2471527 4.0695408063342695 2495 1764 2496 1767 0.22091278361869718 1.1253348499355036 -0.2192432632272867 5.611712141937742 1.1016267293360353 2.1866026496222535 2.6254021225538007 0.6191059680308049 -77.06736382656194
2034.5661461443497 1774.5351244578515 53.17825791630174 -27.80769344403427 495 2.261577919776002 1 28.96552579669779 0.16312442951374884 0.04811895586247314 0.007229784677040794 26.703947876921788 0.06348860832396468 0.38632015165978073 0.02259088956100437 0.04142326895948563 0.037362136 118.0 7.578358534973208 25.155881799782357 1.6075844392180443 1.2682447 3.889939236670988 2027 1769 2042 1780 13.455471016370556 7.2585705664742095 -5.260935655207614 0.1037086186615929 0.1922483634717513 0.15033383354820143 1.9677944810447634 0.491816848948032 -29.751931287660213
2450.5122194428286 1774.9815867932896 53.17172664556366 -27.807687786987618 496 1.457480840073707 1 29.52504661149206 0.2004484229351915 0.028741396701816996 0.005306408438642286 28.06756577141835 0.1636126614795553 0.11002723648775725 0.01658086856129907 0.03891785817901022 0.037362136 8.0 2.702049450410718 28.3647526779949 0.08368072658777237 0.289377 3.9946343308140686 2449 1773 2452 1777 1.193608016220688 1.4396967988428455 -1.191671588887279 4.8254898862317654 4.000664178059905 7.988347552772471 4.60377807357983 0.7827870970282426 -47.9475526772105
2693.3462078532552 1775.4582106192124 53.16791361647497 -27.807681342669493 497 1.7927252810153647 1 29.669058446771942 0.294231123390801 0.025171154476391275 0.006821531784684529 27.876333165756577 0.1765539114890277 0.13121794963757005 0.021338346012787356 0.03938393421601831 0.037362136 6.0 1.7463274431686193 28.72262545561697 0.06018334627151489 0.24541208 4.019607905368374 2693 1774 2694 1777 0.22634797559958972 0.8735841976439918 -0.002671549578926423 4.418135808334244 1.1447506706709616 0.027022624471064505 1.96461473656761 0.4909943505019687 -89.76350977680934
3460.5686868499224 1775.8682198690115 53.155866533652585 -27.80767551442735 498 1.8915892021723408 1 29.749548812399638 0.21814104713671542 0.02337259796046251 0.004696069810629778 27.857959610227297 0.11937338072155274 0.1334574030225213 0.014673723294756504 0.039499139813738066 0.037362136 7.0 1.8221797420968315 28.62763168035403 0.06568615511059761 0.25639266 3.8680851116326926 3459 1775 3462 1777 0.8064202539500046 0.391138902903885 0.0757810603267185 1.2630439589431848 2.6040473667004944 -0.48941595805156174 1.473195892519542 0.32120364638694177 10.025093097701973
3714.2950835379115 1776.0522709362444 53.151882470805226 -27.80767268397114 499 0.9119487874250609 0 29.1505689585127 0.14454371804215532 0.04057877480573378 0.005402419622378281 28.23862017108764 0.19497065289081011 0.09398930651027926 0.016878655664606813 0.039212394315673374 0.037362136 7.0 1.647342220596548 28.272113775911038 0.09113411977887154 0.3019688 3.9860668369948806 3713 1775 3715 1777 0.4612656213469606 0.5175078873210424 0.023804358826091897 2.1731067876843246 1.9369356047179804 -0.19991739259951635 1.0783453862906862 0.07265333286228481 69.87614983297244
1961.409665115138 1777.201973349297 53.179406628841505 -27.807656277056633 500 1.484349849872629 1 28.94683351123748 0.11641762387134032 0.048954555225694724 0.005249307356593613 27.46248366136485 0.0926889924769782 0.19210251430996217 0.016400284151869466 0.03846964456749205 0.037362136 12.0 2.2023889013901186 27.625436457781078 0.16533010080456734 0.40671563 3.9624982070854275 1960 1776 1963 1779 0.9939222998743885 0.7555318597198188 0.2182809003886977 1.0742768901990638 1.4132398834968025 -0.6207392152764584 1.339610210911935 0.25351419998564095 30.681329784703273
2683.286464121963 1790.0035321961545 53.168071567989 -27.807479319142356 501 2.2062715055302675 1 28.19160524647188 0.10870367526992251 0.09814866913180617 0.009826951328616492 25.985333740941613 0.0445487836072167 0.7488468672310977 0.030726919999281847 0.04326366793571247 0.037362136 228.0 10.552362447356462 24.187676309431062 3.9215340465307236 1.9807061 3.835752107760577 2675 1779 2694 1801 19.06137599789494 21.10049594769424 -14.02553545364858 0.1026843877153232 0.09276112410852048 0.1365089734390665 2.3818459109299295 0.5801575595586803 -47.078847976263305
2485.028557415953 1780.7230552770538 53.17118465729987 -27.80760807570048 502 1.3447334256762602 1 29.53141438282487 0.22890827571057368 0.028573323653561772 0.006024380813168438 28.18668095714861 0.2072613017040189 0.09859482733953473 0.01882185894416041 0.04033747473794992 0.037362136 7.0 1.669215294782578 28.44715544981524 0.07756473869085312 0.27859607 3.8852122201654615 2484 1780 2486 1782 0.5361732101555267 0.46876476639558906 0.009590414127983785 1.8657516993246799 2.1340470736997257 -0.07634247596762857 1.0723508271873763 0.06746936296691475 7.941755360924932
3719.6959022303204 1784.017762932054 53.15179767790279 -27.807562045070533 503 1.5152538862704361 1 29.267436690535447 0.1459644556711778 0.0364377739642628 0.004898793260166743 27.75218280426501 0.11301221519993083 0.14711379266475189 0.01531330532882651 0.039085815127553616 0.037362136 7.0 1.6683894467493807 28.364453430794697 0.08370379358530045 0.28940427 3.9095462554229354 3719 1783 3721 1785 0.47185477427087724 0.5320890576062465 -0.00179319916223497 2.119323279518652 1.8794087068114687 0.014284709204263498 1.062023923814954 0.058401625824166414 -88.29629267020582
2801.8454239548396 1787.2741570702376 53.16620993554658 -27.807517276867195 504 1.8152021438702093 1 29.02886590927956 0.10427011035325402 0.04539208690661824 0.0043594343841923 27.21366376540935 0.06121064939901078 0.24158001699905318 0.013620032902584607 0.039731921932222886 0.037362136 27.0 3.434029657086969 26.9170005324263 0.317487258464098 0.56363475 3.9183075974891746 2799 1784 2805 1790 2.3079763474008805 1.9452904971048053 -0.20382612729777283 0.4373267870125638 0.5188633173359095 0.09164556706878961 1.1376875261661108 0.1210240272477131 -24.170347697837922
