775fw/HST/hst_10086_7e_acs_wfc_f775w_j8wc7e/hst_10086_7e_acs_wfc_f775w_j8wc7e_segment-cat.ecsv
# %ECSV 1.0
# ---
# datatype:
# - {name: X-Centroid, unit: pix, datatype: float64, format: 10.3f, description: Pixel Coordinate}
# - {name: Y-Centroid, unit: pix, datatype: float64, format: 10.3f, description: Pixel Coordinate}
# - {name: RA, unit: deg, datatype: float64, format: 13.7f, description: Sky coordinate at epoch of observation}
# - {name: DEC, unit: deg, datatype: float64, format: 13.7f, description: Sky coordinate at epoch of observation}
# - {name: ID, unit: '', datatype: int32, format: 7d, description: Catalog Object Identification Number}
# - {name: CI, unit: mag(AB), datatype: float64, format: 7.3f, description: Concentration Index}
# - {name: Flags, unit: '', datatype: int32, format: 5d, description: Numeric encoding for conditions on detected sources}
# - {name: MagAp1, unit: mag(AB), datatype: float64, format: 7.3f, description: ABMAG of source based on the inner (smaller) aperture}
# - {name: MagErrAp1, unit: mag(AB), datatype: float64, format: 7.3f, description: Error of MagAp1}
# - {name: FluxAp1, unit: electron / s, datatype: float64, format: 10.4f, description: Flux of source based on the inner (smaller) aperture}
# - {name: FluxErrAp1, unit: electron / s, datatype: float64, format: 10.4f, description: Error of FluxAp1}
# - {name: MagAp2, unit: mag(AB), datatype: float64, format: 7.3f, description: ABMAG of source based on the outer (larger) aperture}
# - {name: MagErrAp2, unit: mag(AB), datatype: float64, format: 7.3f, description: Error of MagAp2}
# - {name: FluxAp2, unit: electron / s, datatype: float64, format: 10.4f, description: Flux of source based on the outer (larger) aperture}
# - {name: FluxErrAp2, unit: electron / s, datatype: float64, format: 10.4f, description: Error of FluxAp2}
# - {name: MSkyAp2, unit: electron / (pix s), datatype: float64, format: 7.3f, description: Sky estimate from an annulus outside Aperture
#     2}
# - {name: Bck, unit: electron / s, datatype: float32, format: 10.4f, description: Background at the position of the source centroid}
# - {name: Area, unit: pix2, datatype: float64, format: 8.3f, description: Total unmasked area of the source segment}
# - {name: FWHM, unit: pix, datatype: float64, format: 8.3f, description: Circularized FWHM of 2D Gaussian function having the same second-order
#     central moments as the source}
# - {name: MagSegment, unit: mag(AB), datatype: float64, format: 7.3f, description: Magnitude corresponding to FluxSegment}
# - {name: FluxSegment, unit: electron / s, datatype: float64, format: 10.4f, description: Sum of unmasked data values in the source segment}
# - {name: FluxSegmentErr, unit: electron / s, datatype: float32, format: 10.4f, description: 'Uncertainty of FluxSegment, propagated
#     from the input error array'}
# - {name: KronRadius, unit: pix, datatype: float64, format: 8.4f, description: The unscaled first-moment Kron radius}
# - {name: Xmin, unit: pix, datatype: int64, format: 8.0f, description: Minimum X pixel within the minimal bounding box containing the
#     source segment}
# - {name: Ymin, unit: pix, datatype: int64, format: 8.0f, description: Minimum Y pixel within the minimal bounding box containing the
#     source segment}
# - {name: Xmax, unit: pix, datatype: int64, format: 8.0f, description: Maximum X pixel within the minimal bounding box containing the
[...]
# - h12: [RA and Dec values in this table are in sky coordinates (i.e. coordinates at the epoch of observation]
# - h12.1: [and an undistorted a posteriori solution aligned by visit to GSC242).]
# - h13: [Magnitude values in this table are in the ABMAG system.]
# - h14: ['Column titles in this table ending with Ap1 refer to the inner photometric aperture ']
# - h14.1: ['(radius = 1.000000000000064 pixels, 0.05 arcsec.']
# - h15: ['Column titles in this table ending with Ap2 refer to the outer photometric aperture ']
# - h15.1: ['(radius = 3.000000000000192 pixels, 0.15 arcsec.']
# - h16: [CI = Concentration Index (CI) = MagAp1 - MagAp2.]
# - h17: ['Flag Value Identification:']
# - h17.1: ['    0 - Stellar Source (0.9 < CI < 1.23)']
# - h17.2: ['    1 - Extended Source (CI > 1.23)']
# - h17.3: ['    2 - Questionable Photometry (Single-Pixel Saturation)']
# - h17.4: ['    4 - Questionable Photometry (Multi-Pixel Saturation)']
# - h17.5: ['    8 - Faint Detection Limit']
# - h17.6: ['   16 - Hot pixels (CI < 0.9)']
# - h17.7: ['   32 - False Detection Swarm Around Saturated Source']
# - h17.8: ['   64 - False Detections Near Image Edge']
# - h17.9: ['  128 - Bleeding and Cosmic Rays']
# - h18: ['#=================================================================================================']
# schema: astropy-2.0
X-Centroid Y-Centroid RA DEC ID CI Flags MagAp1 MagErrAp1 FluxAp1 FluxErrAp1 MagAp2 MagErrAp2 FluxAp2 FluxErrAp2 MSkyAp2 Bck Area FWHM MagSegment FluxSegment FluxSegmentErr KronRadius Xmin Ymin Xmax Ymax X2 Y2 XY CXX CYY CXY Elongation Ellipticity Theta
[from data line 393]
2555.165863288233 1489.1897978262336 53.17008359565659 -27.81165720539383 394 1.956054678253345 1 30.05801197537165 0.32671218699427274 0.017592263587720744 0.005293918127405319 28.101957297118304 0.16857084963165697 0.10659665943061514 0.01655069489556523 0.039522035737041786 0.037362136 7.0 2.3583486785256214 28.417955769396045 0.07967906072735786 0.2823652 3.9424918201720316 2554 1487 2556 1491 0.4095000740569804 1.5964983074882448 0.4351889076128122 3.4379373440295984 0.8818271778805153 -1.8742922434329594 2.551837580887144 0.6081255298182611 71.87445533133021
2460.7925973087945 1492.0066977158835 53.171565515110416 -27.81161800287181 395 1.631227259972782 1 29.799662738624207 0.2259223819330497 0.022318315786105963 0.004644199192346913 28.168435478651425 0.15713540529141343 0.10026568430743521 0.014511641282554794 0.039157588581583205 0.037362136 6.0 2.0066441690396166 28.58476421556238 0.06833148002624512 0.2614866 3.992517716266385 2459 1491 2462 1493 1.1347873545721006 0.31750911797788073 0.1635149709288579 0.9518567147429987 3.401965178619364 -0.9803990766053047 2.019358942956399 0.5047933387533514 10.904289837098107
3758.2195640636805 1493.01134211354 53.1511923171505 -27.811603748398685 396 1.380386331190813 1 29.15552486477901 0.13722692545950563 0.04039397271093893 0.005105591491403999 27.775138533588198 0.1202201322761277 0.14403601594359117 0.01594918383463661 0.0390051940613884 0.037362136 8.0 1.8942847334455144 28.134458961206448 0.10345296189188957 0.32173172 3.9101896975083594 3757 1492 3760 1494 0.8217940601622241 0.47241687800605725 0.2208552205733829 1.391703047330601 2.420940806842405 -1.3012442941842057 1.5939844588496457 0.37264131124485067 25.828630982133607
3308.365571543857 1498.141469639642 53.15825627411563 -27.811532939603303 397 1.4698699103812416 1 28.739613311750183 0.08458050954196922 0.05924902240095055 0.004615743303431836 27.26974340136894 0.06825398000913568 0.2294188788679712 0.014422724115292275 0.03921302659723132 0.037362136 17.0 2.6803954920875497 27.260364594110115 0.2314092293381691 0.48117894 3.8577310846753 3307 1495 3310 1500 0.7808896302062026 1.8103782114228233 -0.11015423454000133 1.2916772784908042 0.5571528567799695 0.15718673698910882 1.5390350556110952 0.35024222069916644 -83.96050322485831
3638.6507226873728 1503.359293852713 53.153069892783776 -27.811460179673755 398 1.7614588377694247 1 29.680466198177072 0.20531224975275325 0.024908067523490285 0.004710261932616081 27.919007360407647 0.12669298793946382 0.12616054879413152 0.014721982948154222 0.04007470146896913 0.037362136 8.0 1.9773865908278918 28.41843847269449 0.07964364439249039 0.28231537 3.9484866693081275 3638 1502 3640 1505 0.4652570844061562 0.944998139609647 0.008990896152885891 2.1497445715795456 1.0583977361100514 -0.04090617618842209 1.425562658596882 0.2985225910839614 88.92671399047876
2585.0427912272908 1509.0173516596108 53.169614429240745 -27.811381844426375 399 1.3671183976347692 1 29.492910779544758 0.21731093305281704 0.029604804795924783 0.005925621951781272 28.12579238190999 0.19269524745412214 0.10428205020446701 0.018508478833170267 0.04022982087288354 0.037362136 10.0 2.1991833858181606 28.042634885938654 0.11258293315768242 0.33564243 3.9134090593067716 2584 1507 2587 1510 0.8211891622765455 0.9231761399640381 0.2497935124820107 1.3269640914897416 1.180369036296764 -0.7181013611630711 1.3513272707497999 0.25998681322760675 50.76898614799634
2203.541877409281 1515.2903664486785 53.1756050281476 -27.811294323188775 400 1.653054913997508 1 27.99253023611874 0.0435532446112619 0.11790016671597815 0.004729607442838311 26.33947532212123 0.02969749594281912 0.5404261866083209 0.01478244863608162 0.03976575925280548 0.037362136 41.0 4.013057799364927 25.952812970401894 0.7716161794960499 0.878587 3.844440480138886 2201 1511 2207 1520 1.7820903523981966 4.02642815302004 -0.6989869934605965 0.6021389036782303 0.26650566960787403 0.2090623480327186 1.6343715427600527 0.38814402121120806 -74.0408317450279
2081.127639398152 1523.3293373800552 53.17752725070913 -27.81118248897576 401 2.298867657623383 1 29.62419311732073 0.23265475937375693 0.026233078976526603 0.005621489064121358 27.325325459697346 0.08746974016299083 0.21796980204244987 0.017560801278467014 0.04279633900624211 0.037362136 125.0 7.634631481341543 25.28763377258271 1.423878736793995 1.1936458 3.9135654899253614 2074 1516 2089 1530 11.976744181082847 9.046062911923318 -2.0994890042799925 0.08703616738481233 0.1152335465073803 0.04040022232395357 1.2821885244986133 0.2200834893674939 -27.54342179704303
3454.8976329543243 1520.1915975444188 53.155955337467866 -27.81122658304769 402 1.983404703378305 9 30.230209621412676 0.5832601059250632 0.015012142046077703 0.008064827816116215 28.24680491803437 0.29322074931189124 0.09328343856415544 0.025193552320320004 0.04157836187188908 0.037362136 10.0 2.49127001241798 28.2341559222293 0.09437656030058861 0.30732635 3.9420961559727683 3453 1519 3457 1521 1.6789484768598757 0.5595466252046472 -0.4858249096305987 0.7954612533384429 2.386822472935423 1.3813143502615202 2.218171844138844 0.5491783007514335 -20.479121869573444
2543.686302805912 1520.6379582738593 53.17026382918039 -27.81122041669189 403 1.4776811222940225 9 29.71584389218407 0.2738398673354718 0.024109541803236434 0.006081011079411693 28.238162769890046 0.21942650042182518 0.09402891086175358 0.01900380846354456 0.03947859053334145 0.037362136 6.0 1.7428938171842334 28.71823731480255 0.06042707711458206 0.24590817 3.965750118195818 2543 1520 2545 1522 0.543798211010438 0.5518128450444603 -0.28074969155956236 2.494019209303532 2.4577956030285115 2.5377992920740158 1.7615316123464724 0.4323122032037017 -45.40888159143381
1892.446687666975 1524.9638989051803 53.18049004902317 -27.81115945431501 404 1.3437479066260565 1 28.2414448416502 0.06403275620631349 0.09374510006749151 0.005528928007882607 26.897696935024143 0.058030017492298 0.3231824281927691 0.017273908042027938 0.03964894276340397 0.037362136 22.0 2.8226683855155703 26.7423427398422 0.3728974536061287 0.6107846 3.819405298356129 1890 1523 1895 1527 1.5499390786238127 1.3237135301023468 0.1438866423843828 0.6517635664047274 0.7631513908570591 -0.14169239652811605 1.136640108914411 0.12021404826626603 25.91412706199367
2542.2267414435787 1527.169732025474 53.17028674253313 -27.811129696494092 405 2.0843157540114916 1 29.956768826644982 0.3604840259627687 0.019311632267893036 0.006412024452282024 27.87245307263349 0.1651403835169891 0.13168772185195787 0.02003035911495893 0.04045924265253342 0.037362136 12.0 3.180338851501717 27.889569366867676 0.1296279840171337 0.36016035 3.934377707349812 2541 1524 2543 1529 0.6759263526337691 2.972128308066291 -0.499094307271846 1.6888582699971624 0.3840829507449041 0.5672026648761775 2.3186629382849135 0.568716960327279 -78.25239668581618
2556.08904964577 1525.6504633351708 53.170069068138616 -27.811150808023452 406 1.7554734766440703 1 29.67538054801193 0.27334575671650835 0.02502501200260368 0.006300525783081335 27.91990707136786 0.16949621480419352 0.12605604734068865 0.01967949053829322 0.039512020422498115 0.037362136 10.0 2.525338451684355 28.064326121330744 0.11035602912306786 0.33230853 3.9285723236611525 2555 1524 2557 1528 0.46934384337014085 1.8307932972021295 -0.14894266330338296 2.1870986949621116 0.5606866208719825 0.3558591841392852 2.0186324259634163 0.5046151111326085 -83.82908565564026
4372.982770112175 1526.5064801329934 53.14153892654492 -27.81113735171801 407 1.711499066106832 1 29.512418478666994 0.16182411494441273 0.029077637776310172 0.004334036103735484 27.800919412560162 0.10454572291151232 0.14065615737615356 0.013544256843368718 0.03834567665543458 0.037362136 6.0 1.5706759197021414 28.699412681950378 0.06148390471935272 0.24804768 3.9362967115020386 4372 1526 4374 1527 0.6398323980873314 0.24995800787638897 0.005077050449720002 1.563161229410221 4.0013168872160705 -0.0635006534912594 1.6002191128358314 0.37508557923180397 0.7459526052320276
2627.0231493115407 1529.7176376899276 53.16895520807854 -27.811094368285566 408 2.0574206285646213 1 29.768306586679735 0.22542875731651715 0.022972268251781544 0.004769835023248405 27.710885958115114 0.10583285264732295 0.15281716212713392 0.014896450401937022 0.03921451931348954 0.037362136 11.0 2.8667204263587 28.012123365282662 0.11579162999987602 0.3403995 3.9324384718601504 2625 1529 2630 1531 2.3760193365638815 0.588028643932622 -0.7517490082685824 0.7067304916366697 2.8556522393838253 1.8070002258662423 2.905270783629897 0.6557980049107223 -20.030020449183073
2921.1269389985464 1544.001429415815 53.16433698395849 -27.810896089263178 409 2.181057181501238 1 27.592981400226805 0.10887603584513177 0.17034678976067058 0.01708269612976503 25.411924218725567 0.04563717024898349 1.2698628737578144 0.053378417760476006 0.038422523098187236 0.037362136 263.0 11.461716388659966 23.791710969368737 5.647316470742226 2.3768117 3.7838273783304786 2915 1529 2927 1559 6.098531799182798 41.28352004294943 -5.793224513054464 0.18919394229788555 0.02794832592075593 0.05309832994382501 2.857654647448435 0.6500626830842251 -80.88661915484387
3726.4490374829093 1540.7551632818534 53.15169127401817 -27.810940682947486 410 1.9015140588207515 1 27.506014006948988 0.034491696715672086 0.18455291569642804 0.005863077458040152 25.604499948128236 0.018713219196038324 1.063473161901283 0.018330115490248374 0.04150653041409373 0.037362136 85.0 5.316464429254549 24.897784222679334 2.038979336619377 1.4281454 3.7613546953259216 3722 1535 3731 1546 3.448743239919855 6.745626303896129 1.7014729678238345 0.3311724607202211 0.1693139722988831 -0.16706558122785498 1.6543114080333152 0.3955188877112177 67.0465222069977
2575.9730159235896 1539.0085682657466 53.16975682529901 -27.810965293389543 411 1.8366755658581582 1 29.69402297266072 0.2926324917382542 0.024598992755170135 0.0066302519519173785 27.85734740680256 0.16842354982166013 0.13353267555899606 0.020714789752998203 0.04000973949829738 0.037362136 9.0 2.178730765940364 28.24536078061685 0.09340759739279747 0.3057339 3.7974925564607145 2574 1538 2578 1540 1.2878051537526367 0.4242654870816883 -0.2221561798610183 0.8536221257812405 2.5910638654581475 0.8939564319163634 1.903000323647281 0.4745140147515031 -13.613466275759906
2573.048695242071 1547.9082068092664 53.16980273771712 -27.81084168521456 412 1.7785437140391451 1 29.752426904077026 0.2844728556926126 0.023310723446400616 0.006107827270017799 27.97388319003788 0.17277791012677904 0.11994253891454232 0.019087612792626406 0.041111757366420476 0.037362136 16.0 3.098765789603111 27.565068618636253 0.17478295043110847 0.41821 3.972845000155034 2570 1546 2575 1550 1.866340402686444 1.596975069165265 0.7183997445323859 0.6480175643084092 0.7573201268266552 -0.5830218162328539 1.5686768709752326 0.36252008396202795 39.69083824865019
2532.478694809539 1556.9760139739808 53.170439786501014 -27.81071571276628 413 1.8973399838127634 1 29.724048630217986 0.31815787824470365 0.023928036448620016 0.007011967677125244 27.826708646405223 0.1732096561629591 0.1373545514801373 0.021913175494420234 0.03956075882768795 0.037362136 6.0 1.5929237796437783 28.72382911013299 0.060116663575172424 0.24527618 3.964622391392113 2532 1556 2533 1558 0.24954608885940754 0.6656297348757575 0.02726818651299983 4.025294623268708 1.5090920328717008 -0.3298004244884101 1.6412496221577766 0.3907081613305815 86.2663846593201
3163.5259012654933 1557.4636199564309 53.16053067861513 -27.81070908708727 414 1.1631243995889662 0 28.17790675855241 0.05289190025957217 0.09939483342830537 0.004842204675330862 27.014782358963444 0.05661681265987767 0.29014398397883934 0.015130356070111902 0.03956567520218497 0.037362136 16.0 2.370410179142912 26.96081852072991 0.3049292638897896 0.55230963 3.878533012287836 3162 1556 3165 1559 1.0048501127938003 1.0217196313279528 0.0056497726961830235 0.9952042387432832 0.9787725134088812 -0.011006302634842369 1.0100696938081999 0.009969305949805163 73.09251141629014
2529.355695025321 1557.7155838614842 53.17048882517954 -27.810705438479363 415 1.7018384387002925 1 29.59776548243562 0.25627962293765866 0.026879446448813862 0.0063448967492631516 27.895927043735327 0.1670489442499718 0.12887114766652474 0.019828487760868724 0.03948805624083297 0.037362136 6.0 1.7629897903584344 28.558406573377084 0.07001061365008354 0.26467785 3.882772171846401 2528 1557 2530 1559 0.5515260337171138 0.5694959829912398 0.3018038951425586 2.5537218483975637 2.4731413817279027 -2.7066852935778996 1.8263108311944682 0.45244808117029744 45.852621726037405
2542.090733731568 1560.4569748915098 53.170288849050664 -27.81066737363028 416 2.643234879326215 1 30.2819717662353 0.45466873971149435 0.014313235178473174 0.005994087316745531 27.638736886909086 0.1245442966451644 0.16331713733462072 0.018734657823931154 0.039633434368265455 0.037362136 20.0 4.96594544970335 27.2738397799045 0.22855493426322937 0.4782267 3.9076905891475704 2538 1557 2545 1564 3.8236406996075614 5.070795756697363 -3.71957850384755 0.9130585866310253 0.6884931163629409 1.3395108990933393 3.487503568448484 0.7132619421390647 -49.75849231530406
2528.0239982186886 1563.6301243521818 53.170509730984826 -27.8106232910294 417 1.6743967984622898 1 29.427310952742317 0.22491690589419513 0.03144865907972723 0.006514999626723435 27.752914154280028 0.15031897687777815 0.14701473043825852 0.02035470559587489 0.03871599945942966 0.037362136 9.0 2.642718264127852 28.21004815197456 0.09649554267525673 0.3107429 3.913912149714306 2526 1562 2530 1565 1.2494041654161268 1.2695268853864863 -1.0498001043147454 2.622599728979273 2.581030038295231 4.337372450714341 3.3191586668102278 0.6987188319740623 -45.274555037367136
3263.15685369419 1564.2028535117367 53.15896621342742 -27.810615445141085 418 1.3050968215503929 1 27.830774382964663 0.03396559955235233 0.13684116423274698 0.004281009658844213 26.52567756141427 0.03189272388100524 0.45525580171447433 0.0133732592606663 0.0392317323361413 0.037362136 24.0 2.7757247370444396 26.4476918758538 0.48915867879986763 0.69952387 3.7646983516816515 3261 1562 3266 1566 1.5507700748464022 1.2280942240808381 0.015837247229672606 0.6449258545198139 0.8143770209754191 -0.016633658887994028 1.1243552985010157 0.11060142524947891 2.8031525601331633
3141.184541925322 1570.98856039137 53.1608815013563 -27.81052124759903 419 2.110442609959044 1 29.263864619982847 0.14089622502393592 0.03655785160754145 0.004744278609641537 27.153422010023803 0.06302722276800019 0.2553628458632351 0.014824363058757128 0.039434802308424347 0.037362136 28.0 3.6030685825800837 26.84516483065307 0.33920370042324066 0.58258724 3.915480574587844 3139 1568 3145 1574 2.3011746238258555 2.3811293567978256 -0.10932189012998662 0.43551058146190214 0.42088679290213993 0.03999013308630342 1.0510199481438773 0.04854327287886351 -55.043351969452246
4020.987496255098 1569.992315501918 53.14706629399978 -27.810534143365068 420 1.8473220566568358 1 29.71994998596149 0.19565104406763956 0.024018535276321668 0.004328314915527093 27.872627929304656 0.11147771895350579 0.1316665153908667 0.013519280462678902 0.03929705608233407 0.037362136 7.0 1.769384697091475 28.582590492067872 0.06846842169761658 0.26176223 3.8872688838180256 4020 1569 4022 1571 0.558672791503061 0.5704965588549676 0.28291434200297294 2.3902113716041438 2.34067329334395 -2.370654360484305 1.7348522391057006 0.4235820334096636 45.59854988545792
