775fw/HST/hst_10086_7e_acs_wfc_f775w_j8wc7e/hst_10086_7e_acs_wfc_f775w_j8wc7e_point-cat.ecsv
# %ECSV 1.0
# ---
# datatype:
# - {name: X-Center, unit: pix, datatype: float64, format: 10.3f, description: Pixel Coordinate}
# - {name: Y-Center, unit: pix, datatype: float64, format: 10.3f, description: Pixel Coordinate}
# - {name: RA, unit: deg, datatype: float64, format: 13.7f, description: Sky coordinate at epoch of observation}
# - {name: DEC, unit: deg, datatype: float64, format: 13.7f, description: Sky coordinate at epoch of observation}
# - {name: ID, unit: '', datatype: int64, format: 7d, description: Catalog Object Identification Number}
# - {name: MagAp1, unit: mag(AB), datatype: float64, format: 7.3f, description: ABMAG of source based on the inner (smaller) aperture}
# - {name: MagErrAp1, unit: mag(AB), datatype: float64, format: 7.3f, description: Error of MagAp1}
# - {name: FluxAp1, unit: electron / s, datatype: float64, format: 10.4f, description: Flux of source based on the outer (smaller) aperture}
# - {name: FluxErrAp1, unit: electron / s, datatype: float64, format: 10.4f, description: Flux of source based on the outer (smaller)
#     aperture}
# - {name: MagAp2, unit: mag(AB), datatype: float64, format: 7.3f, description: ABMAG of source based on the outer (larger) aperture}
# - {name: MagErrAp2, unit: mag(AB), datatype: float64, format: 7.3f, description: Error of MagAp2}
# - {name: MSkyAp2, unit: electron / (pix s), datatype: float64, format: 7.3f, description: Sky estimate from an annulus outside Aperture
#     2}
# - {name: StdevAp2, unit: electron / (pix s), datatype: float64, format: 7.3f, description: Standard deviation of sky estimate from annulus
#     outside Aperture 2}
# - {name: FluxAp2, unit: electron / s, datatype: float64, format: 10.4f, description: Flux of source based on the outer (larger) aperture}
# - {name: FluxErrAp2, unit: electron / s, datatype: float64, format: 10.4f, description: Flux of source based on the outer (larger) aperture}
# - {name: CI, unit: mag(AB), datatype: float64, format: 7.3f, description: Concentration Index}
# - {name: Flags, unit: '', datatype: int64, format: 5d, description: Numeric encoding for conditions on detected sources}
# meta: !!omap
# - h00: [' #==================================================================================================']
# - h01: [' # All refereed publications based on data obtained from the HAP must carry the following footnote: ']
# - h02: [' #                                                                                                  ']
# - h03: [' #     Based on observations made with the NASA/ESA Hubble Space Telescope                          ']
# - h04: [' #     and obtained from the Hubble Advanced Products collection generated                          ']
# - h05: [' #     by the Space Telescope Science Institute (STScI/NASA).                                       ']
# - h06: [' #                                                                                                  ']
# - h07: [' # One copy of each paper resulting from data obtained from the HAP should be sent to the STScI.    ']
# - h08: [' #==================================================================================================']
# - {WCSNAME: IDC_4bb1536oj-FIT_SVM_GSC242}
# - {WCSTYPE: undistorted a posteriori solution aligned by visit to GSC242}
# - {Proposal ID: 10086}
[...]
# - h10.4: ['the selected aperture. For details, see Whitmore et al., 2016 AJ, 151, 134W.']
# - h10.5: [' ']
# - h11: ['The X and Y coordinates in this table are 0-indexed (i.e. the origin is (0,0)).']
# - h12: [RA and Dec values in this table are in sky coordinates (i.e. coordinates at the epoch of observation]
# - h12.1: [and an undistorted a posteriori solution aligned by visit to GSC242).]
# - h13: [Magnitude values in this table are in the ABMAG system.]
# - h14: ['Column titles in this table ending with Ap1 refer to the inner photometric aperture ']
# - h14.1: ['(radius = 1.000000000000064 pixels, 0.05 arcsec.']
# - h15: ['Column titles in this table ending with Ap2 refer to the outer photometric aperture ']
# - h15.1: ['(radius = 3.000000000000192 pixels, 0.15 arcsec.']
# - h16: [CI = Concentration Index (CI) = MagAp1 - MagAp2.]
# - h17: ['Flag Value Identification:']
# - h17.1: ['    0 - Stellar Source (0.9 < CI < 1.23)']
# - h17.2: ['    1 - Extended Source (CI > 1.23)']
# - h17.3: ['    2 - Questionable Photometry (Single-Pixel Saturation)']
# - h17.4: ['    4 - Questionable Photometry (Multi-Pixel Saturation)']
# - h17.5: ['    8 - Faint Detection Limit']
# - h17.6: ['   16 - Hot pixels (CI < 0.9)']
# - h17.7: ['   32 - False Detection Swarm Around Saturated Source']
# - h17.8: ['   64 - False Detections Near Image Edge']
# - h17.9: ['  128 - Bleeding and Cosmic Rays']
# - h18: ['#=================================================================================================']
# schema: astropy-2.0
X-Center Y-Center RA DEC ID MagAp1 MagErrAp1 FluxAp1 FluxErrAp1 MagAp2 MagErrAp2 MSkyAp2 StdevAp2 FluxAp2 FluxErrAp2 CI Flags
[from data line 1289]
3009.9158166160323 4109.79274280064 53.162946471719266 -27.775263010713612 1290 28.759161711559088 0.14781983405940113 0.05819180508480959 0.007922909617070616 27.214682331600414 0.1113504620595144 0.04401023582029505 0.004446156078619916 0.24135348881323604 0.024753451689260082 1.5444793799586733 1
3005.266155522931 4111.8948774373075 53.16301945998885 -27.775233814645276 1291 29.479560066856727 0.2706880643583948 0.02997108648678301 0.007472428283895493 27.487974528142388 0.1351684724645212 0.041514706833346085 0.004192952374661877 0.18764487285570386 0.0233615831534538 1.9915855387143395 1
3023.3947337823674 4111.513824580481 53.1627348862846 -27.775239105878278 1292 29.087745864549376 0.17399430858162643 0.042996011248689264 0.006890541815403445 27.113270554931404 0.08826431742564537 0.04927435704220125 0.0038664124592916065 0.26498317025479734 0.02154237694742863 1.9744753096179721 1
3994.4439242204785 4113.3824448613 53.147491828364274 -27.775212238660338 1293 28.758112851271825 0.08976064529493263 0.05824804762665828 0.004815678679321006 27.092224556368834 0.060493728954690774 0.03993961137944255 0.0027020713717591676 0.27016973145804646 0.015053490380938247 1.6658882949029916 1
1414.5765397987552 4113.796061534201 53.18798933018004 -27.775205242781066 1294 28.132980581850376 0.05505526894578807 0.10359392329308571 0.005253192694160609 26.600594696978582 0.04194218735046608 0.03931562139719419 0.002947771551997365 0.42490186259584006 0.016414583703193073 1.5323858848717933 1
3021.753538747458 4116.71548548199 53.162760649429394 -27.775166860723132 1295 29.02716731767164 0.18278141078069607 0.04546315662043904 0.00765388220100174 26.982685190631706 0.0868740652107578 0.04798423282193895 0.004295172002314582 0.298849433831188 0.02391292733061497 2.0444821270399345 1
3046.0489020826485 4119.28710705834 53.16237927313056 -27.775131141351896 1296 25.49355531603038 0.040539766803195855 1.1778890575103433 0.04398208318274428 24.14624294717745 0.03661439307878955 0.12986582027653518 0.024683118712738327 4.074077955744496 0.1373951291381232 1.3473123688529327 1
3019.6692248843165 4120.4615235389365 53.16279336827491 -27.775114832578552 1297 29.866969907703314 0.35351121424691784 0.02097676682030053 0.006830176208546465 27.789579510856463 0.16356123724700813 0.04627807641194927 0.003831087367863185 0.14213293013644912 0.02141239560344495 2.0773903968468517 1
3236.4627236238834 4122.311737738095 53.159390253282446 -27.77508907747823 1298 27.387456621524045 0.02827972222724707 0.2058466791360051 0.005361782174972348 25.685503396032303 0.0184515225734765 0.04122418049775378 0.0030082104837179002 0.987018187224268 0.016774420523165176 1.7019532254917422 1
3960.5955247428897 4122.656623039464 53.14802318233 -27.775083490635822 1299 28.71309549456023 0.08893901655245096 0.06071392584187449 0.0049735993878739565 27.38190902190165 0.0815499924954111 0.039823644193772975 0.0027908520964603526 0.20690115015312216 0.01554092957748829 1.3311864726585796 1
1432.3047045714407 4123.374817342621 53.18771101243737 -27.77507225339781 1300 28.926696164480404 0.10909916415270285 0.04987099669275469 0.005011406516203135 27.564126683720986 0.0972109806758939 0.03930785318778962 0.0028119686256743485 0.17493464989370522 0.01566323005467555 1.3625694807594186 1
3695.041595277677 4126.953176359124 53.152191719932794 -27.7750242164502 1301 29.65025391436763 0.8693627834432195 0.025610906339617462 0.020507662173633076 27.392375995157984 0.3401243880253292 0.05266328815902982 0.011505774574353794 0.2049161159852395 0.06419542096896652 2.2578779192096476 9
4362.829241097019 4127.226523525904 53.14170913367667 -27.7750191755342 1302 28.801025034574174 0.10251445388476219 0.05599077770383934 0.00528678640406393 27.40991192013327 0.08891520601042581 0.03871844303668351 0.0029667851370049634 0.20163306210856757 0.016513074749835373 1.3911131144409055 1
3720.713411510912 4129.630561230047 53.151788740933654 -27.774986997328305 1303 28.768655121687004 0.32317511569281326 0.05768520827115771 0.017170879484936372 26.699865938926955 0.15018188198872076 0.037138301702374116 0.009636375356562187 0.3877752960511631 0.05363988555742565 2.0687891827600495 1
3709.9991808094146 4134.0535310036 53.15195693385867 -27.77492558120706 1304 29.925002397763457 1.1430188497068718 0.019884998133129578 0.020934814122274166 27.59188589891818 0.41743051783010676 0.06275750836525584 0.011744724273752156 0.17051875538982686 0.06556114245382769 2.3331164988452784 9
3692.0123583113636 4134.162718181472 53.15223928166082 -27.77492408777798 1305 28.362475330414185 0.40609101375924284 0.08385643234485166 0.03136533445809539 26.422128222373196 0.2126693368447252 0.04988670513242274 0.017599552847730328 0.5008125745173906 0.09810028378568017 1.9403471080409886 1
4518.0218308864105 4134.09499485584 53.13927302169655 -27.774923377674344 1306 28.241588736409376 0.05767503453266978 0.09373267666787737 0.004979308615325963 26.937214166442757 0.05419138772644287 0.03870519323874329 0.0027941568519512603 0.3116311390472337 0.015554687191435638 1.304374569966619 1
3060.137394450016 4135.325644057466 53.16215812162884 -27.774908382035306 1307 28.90732806224115 0.4656806092677812 0.05076861184611742 0.021775774243510595 26.891665548582168 0.22722814153764254 0.03843877550113846 0.012220919209441732 0.3249827386776054 0.06801623260709737 2.015662513658981 9
3686.9596681866597 4135.353927831832 53.15231859781587 -27.774907549575513 1308 30.765878065953785 3.3561854765113357 0.009165903640500572 0.028334229232154735 28.261800232531456 1.044099906891809 0.05576972880919508 0.015902225146442465 0.09200393884781333 0.08847868102116753 2.504077833422329 9
3744.412837784876 4137.463810326173 53.15141673167794 -27.774878170503673 1309 28.64866028167129 0.07661083295649147 0.06442618287109858 0.004546139388378102 27.12643248061959 0.05888140104127849 0.03981896514944758 0.0025511224102781403 0.2617902822867044 0.014197824997727683 1.5222278010516987 1
2506.4836255301966 4141.38979483647 53.1708490794192 -27.774823966576026 1310 28.892162289711337 0.09357319419203292 0.051482733482820786 0.004437140847125968 27.571074826083105 0.08657805772515557 0.03869943233617282 0.002489853458833484 0.1738187343138593 0.013861000656847 1.3210874636282313 1
2711.318531102864 4143.104353535753 53.16763369119074 -27.774800287330063 1311 28.89859632449091 0.11203815973375786 0.05117855078281723 0.005281339824580929 27.431452615412482 0.09062705972869793 0.0381368585437739 0.002963622280785848 0.1976721416028604 0.016500363805601975 1.467143709078428 1
3706.8670907812752 4146.254128081751 53.1520061175856 -27.77475613254331 1312 31.29028801923532 4.445755509438424 0.005654722613989166 0.023155120397428734 29.390150803952466 2.4181243502917464 0.05278415690575328 0.012991141014433074 0.03254364487072725 0.07248280382163826 1.9001372152828537 9
3712.2765025663293 4147.759400553324 53.15192120584324 -27.774735218966246 1313 30.434534728377947 1.2330218236283024 0.012436913744183625 0.014124515119426353 28.01922533717616 0.41681917017915515 0.05033909356118077 0.007925695425327173 0.11503669045205611 0.044164592294724477 2.415309391201788 9
3707.3337473916963 4151.581023233582 53.15199880005796 -27.774682147292552 1314 29.238587769949213 0.4554513030350897 0.03741893353687553 0.015697247893113546 27.863667476844164 0.4019058413048845 0.05109071710203711 0.00880669171582238 0.1327576398343111 0.04914439617505724 1.374920293105049 9
3709.739414685527 4150.252787414832 53.15196103529828 -27.774700591894195 1315 29.84336055865368 0.7730547056808987 0.021437902439881917 0.01526450341814381 28.293539129274073 0.5801789597956192 0.05244757999715052 0.00856490632577665 0.08935335460929905 0.047748859106081065 1.5498214293796053 9
3667.6187326292115 4151.8128968889205 53.15262222432316 -27.77467897678731 1316 28.789107330241514 0.11396078564703363 0.056608752136898144 0.005941952535708856 26.816920189878687 0.057916623861884294 0.040785500862958915 0.003334204904958719 0.3481436175143571 0.018571707603845196 1.972187140362827 1
3590.34340548393 4152.968289400901 53.15383525029723 -27.774663018868456 1317 27.69883244995041 0.03483760283672235 0.15452314320062316 0.004958290404260185 26.2008489153299 0.027383605345412856 0.03955203989470327 0.002782409589764345 0.6140262636125757 0.01548701563459999 1.4979835346205093 1
3687.3386373720605 4153.241070490429 53.152312674399774 -27.774659116586566 1318 28.805779193701795 0.4199424840142267 0.055746144496675754 0.02156228644574931 26.766866801324042 0.2005690049145934 0.04030371084809303 0.012101105131817919 0.36456904711589044 0.06734940683678332 2.0389123923777532 1
1585.4225446519638 4154.461069777935 53.185307359613674 -27.774640898849164 1319 29.065429300515696 0.13750302875674467 0.04388890983425012 0.005558495008787941 27.7192584519549 0.12435143160932623 0.03887041272919739 0.0031191182819306253 0.1516432672039807 0.017368570848973554 1.3461708485607957 1
3221.7521799374545 4154.570538708289 53.159621187753096 -27.774641045162035 1320 28.862625200610637 0.10935185196868821 0.0529025289360812 0.005328349924461266 27.251858012044913 0.07752492355361786 0.03955825559052405 0.0029898436755171533 0.2332294074156942 0.016653856480019602 1.610767188565724 1
3918.4017680699735 4155.804368851099 53.14868558110068 -27.77462317726613 1321 28.401676650216977 0.07045493316646959 0.08088273971841177 0.005248768555937787 26.759515398342486 0.04853844585956861 0.03955646311690238 0.0029450723494012713 0.36704588061831633 0.01640953910322357 1.6421612518744908 1
3689.722092593815 4157.61641498209 53.1522752665134 -27.774598344916317 1322 28.87102924519749 0.2732075044228014 0.052494622332124735 0.013209841358549558 27.148485040543605 0.17467343325085835 0.04224908886616732 0.007413247354116814 0.2565266545652889 0.041271429928411145 1.722544204653886 1
3701.5070320098544 4160.90620055531 53.152090278084 -27.774552638459078 1323 28.12752459434578 0.15078358048013193 0.10411580849479646 0.01445975351333623 26.219524754961753 0.08136439371876866 0.04686746359394307 0.008113351709021476 0.6035546658967028 0.045231518344680116 1.9079998393840256 1
3713.1914294307862 4160.038452528629 53.151906861930584 -27.774564675403038 1324 26.708987474261264 0.03604275126231778 0.38453114749624384 0.012765552640527537 25.14650355139773 0.026707511249420668 0.05050741235245616 0.007163780020047224 1.6215303924506173 0.03988858911085232 1.5624839228635352 1
1873.7871889527917 4168.072818021728 53.18078074564695 -27.774452485157546 1325 29.33468255495592 0.14894694306207526 0.034249441322904944 0.0046986732860187985 27.8525843030736 0.11888129485867761 0.039089007898397046 0.0026364542478114904 0.13411976766303457 0.014685761854956752 1.48209825188232 1
3711.221078591731 4167.377991707603 53.15193780214594 -27.77446273993445 1326 28.844040871387236 0.3828583586799794 0.053815845157953124 0.01897747641903827 26.665721116974275 0.16131732875413296 0.04144699628172564 0.010645963867529872 0.40016404726066823 0.05945785683663407 2.1783197544129607 1
3887.6040878683216 4167.699415446158 53.14916904716873 -27.774458018817963 1327 29.006807997008956 0.3318571511759629 0.04632370794261559 0.014159393708891712 26.943706215575865 0.15527890297794023 0.03968508190116697 0.0079445100842239 0.3097733321869882 0.04430437799927843 2.0631017814330903 1
3886.1194829241845 4171.243858901742 53.149192358066905 -27.774408792834755 1328 29.202543062361457 0.3880382594152393 0.03868203278750282 0.013825282005623845 27.19123814804476 0.19041163417412818 0.04265929685092308 0.007757192986303285 0.24662168146060792 0.04325286671243036 2.011304914316696 1
3973.1736598834786 4175.130272544239 53.147825841832024 -27.774354667978436 1329 28.053769075228843 0.12240666982269136 0.11143429852971407 0.012563600798609128 25.736877570680647 0.04554268849608783 0.04490987940390748 0.007044710068893991 0.941402799337004 0.03948974342778875 2.3168915045481953 1
3784.588118925322 4176.695216931374 53.150786145048514 -27.77433323388569 1330 28.214529536578304 0.06553667522783693 0.09609807740941753 0.005800818356084121 26.76803295681718 0.05405882612156161 0.040372375270416 0.003254939253691256 0.36417768505234105 0.01813301847066163 1.4464965797611242 1
3959.614637135716 4182.625027804045 53.148038697842 -27.774250597930955 1331 29.862337268908007 0.8678706034895403 0.021066462087423826 0.016839792912592827 27.255284801890006 0.24649164360420456 0.05186699596113384 0.009446158450124888 0.23249445151269965 0.0527843230010347 2.6070524670180006 9
3959.453552798599 4186.94131526042 53.1480412349373 -27.774190649781715 1332 29.298474298205008 0.3812702673360857 0.03541088609699483 0.012435403895006816 27.62717085355581 0.25645636279783074 0.053528822833831424 0.006975201150599399 0.16506620712758746 0.038990770102951496 1.6713034446491974 9
3954.373179289784 4189.888952537365 53.148120989188484 -27.77414971919826 1333 30.272076525800074 1.0380968771831642 0.014444280158666417 0.013810962628599379 29.81785229805771 2.1359435917196503 0.05302617822654519 0.007749891876352834 0.021947527124409394 0.04317829963661734 0.45422422774236537 8
2031.766795032244 4193.771669002478 53.1783008272899 -27.77409584390921 1334 27.503730543998415 0.03020765587089955 0.18494146607197898 0.005145664698684706 26.22164762363189 0.028956944448416615 0.03890744457177095 0.0028877299174347075 0.602375728036453 0.016066096061366938 1.282082920366527 1
3068.2426727614975 4195.004577709154 53.1620309000609 -27.774079506787068 1335 28.085774102560535 0.15397761828645282 0.10819741193269555 0.015344920138302192 25.73309672208297 0.05542199042745309 0.041279213232736964 0.008604512328111012 0.9446867516435487 0.04822365304092337 2.352677380477566 1
3973.7538089265145 4196.220347426974 53.14781677711527 -27.7740617492837 1336 29.418313261286116 0.5077344353872432 0.03171036267568422 0.014829550602434592 27.143440630917254 0.19533869591762754 0.049477659450430006 0.008321321813237055 0.25772126910370874 0.04636910437225238 2.2748726303688613 1
3937.783514929801 4199.7261392521605 53.148381422049276 -27.774013120098125 1337 28.899093196197114 0.20123739299357493 0.05115513500652227 0.009481740818777657 27.46820308883339 0.168489219196736 0.04219378226182678 0.005320212802603685 0.1910932198193298 0.029655657549184044 1.430890107363723 1
3948.9581479293506 4198.5184301064155 53.148206007684244 -27.774029874706443 1338 30.385977522148714 0.7437586033456511 0.013005753089535 0.00890958897792294 29.223166861673874 0.7976868546869826 0.050461501294077504 0.004998676626960581 0.03795419363792507 0.027885752367336404 1.1628106604748396 8
2176.3644763837146 4204.647317271207 53.17603100908349 -27.77394501733024 1339 28.843187730107502 0.1586589071227027 0.053858148769015984 0.007870567397387871 26.907110241520392 0.08346337890780828 0.04417808217835342 0.004415787286139794 0.3203925559364813 0.02463023422249949 1.9360774885871095 1
3961.2360767446603 4205.701093246807 53.14801329099213 -27.77393009423698 1340 28.942120154481813 0.19909928687486228 0.04916753684000097 0.009016506882414765 27.27888122030398 0.13462149891962105 0.04903772158522002 0.005058961465395609 0.22749613648559985 0.02820841014287017 1.6632389341778335 1
3963.345227541541 4205.141041097169 53.14798018185378 -27.773937869057086 1341 29.33599169419888 0.3050546447413911 0.034208169541779826 0.009611643185798028 27.421503285603514 0.16362966370575885 0.049017461337018425 0.00539300228931389 0.19949186911221872 0.03006612089423009 1.9144884085953677 1
2172.4372620672766 4206.600373853926 53.17609265270973 -27.77391788595148 1342 27.843145668201913 0.07397488935770136 0.13529079424339882 0.009218127968380738 26.305777561984534 0.05612781239988249 0.044448118154152866 0.005172582917341622 0.5574622827578697 0.02881932248931008 1.5373681062173787 1
