775fw/HST/hst_10086_7e_acs_wfc_f775w_j8wc7e/hst_10086_7e_acs_wfc_f775w_j8wc7e_point-cat.ecsv
# %ECSV 1.0
# ---
# datatype:
# - {name: X-Center, unit: pix, datatype: float64, format: 10.3f, description: Pixel Coordinate}
# - {name: Y-Center, unit: pix, datatype: float64, format: 10.3f, description: Pixel Coordinate}
# - {name: RA, unit: deg, datatype: float64, format: 13.7f, description: Sky coordinate at epoch of observation}
# - {name: DEC, unit: deg, datatype: float64, format: 13.7f, description: Sky coordinate at epoch of observation}
# - {name: ID, unit: '', datatype: int64, format: 7d, description: Catalog Object Identification Number}
# - {name: MagAp1, unit: mag(AB), datatype: float64, format: 7.3f, description: ABMAG of source based on the inner (smaller) aperture}
# - {name: MagErrAp1, unit: mag(AB), datatype: float64, format: 7.3f, description: Error of MagAp1}
# - {name: FluxAp1, unit: electron / s, datatype: float64, format: 10.4f, description: Flux of source based on the outer (smaller) aperture}
# - {name: FluxErrAp1, unit: electron / s, datatype: float64, format: 10.4f, description: Flux of source based on the outer (smaller)
#     aperture}
# - {name: MagAp2, unit: mag(AB), datatype: float64, format: 7.3f, description: ABMAG of source based on the outer (larger) aperture}
# - {name: MagErrAp2, unit: mag(AB), datatype: float64, format: 7.3f, description: Error of MagAp2}
# - {name: MSkyAp2, unit: electron / (pix s), datatype: float64, format: 7.3f, description: Sky estimate from an annulus outside Aperture
#     2}
# - {name: StdevAp2, unit: electron / (pix s), datatype: float64, format: 7.3f, description: Standard deviation of sky estimate from annulus
#     outside Aperture 2}
# - {name: FluxAp2, unit: electron / s, datatype: float64, format: 10.4f, description: Flux of source based on the outer (larger) aperture}
# - {name: FluxErrAp2, unit: electron / s, datatype: float64, format: 10.4f, description: Flux of source based on the outer (larger) aperture}
# - {name: CI, unit: mag(AB), datatype: float64, format: 7.3f, description: Concentration Index}
# - {name: Flags, unit: '', datatype: int64, format: 5d, description: Numeric encoding for conditions on detected sources}
# meta: !!omap
# - h00: [' #==================================================================================================']
# - h01: [' # All refereed publications based on data obtained from the HAP must carry the following footnote: ']
# - h02: [' #                                                                                                  ']
# - h03: [' #     Based on observations made with the NASA/ESA Hubble Space Telescope                          ']
# - h04: [' #     and obtained from the Hubble Advanced Products collection generated                          ']
# - h05: [' #     by the Space Telescope Science Institute (STScI/NASA).                                       ']
# - h06: [' #                                                                                                  ']
# - h07: [' # One copy of each paper resulting from data obtained from the HAP should be sent to the STScI.    ']
# - h08: [' #==================================================================================================']
# - {WCSNAME: IDC_4bb1536oj-FIT_SVM_GSC242}
# - {WCSTYPE: undistorted a posteriori solution aligned by visit to GSC242}
# - {Proposal ID: 10086}
[...]
# - h10.4: ['the selected aperture. For details, see Whitmore et al., 2016 AJ, 151, 134W.']
# - h10.5: [' ']
# - h11: ['The X and Y coordinates in this table are 0-indexed (i.e. the origin is (0,0)).']
# - h12: [RA and Dec values in this table are in sky coordinates (i.e. coordinates at the epoch of observation]
# - h12.1: [and an undistorted a posteriori solution aligned by visit to GSC242).]
# - h13: [Magnitude values in this table are in the ABMAG system.]
# - h14: ['Column titles in this table ending with Ap1 refer to the inner photometric aperture ']
# - h14.1: ['(radius = 1.000000000000064 pixels, 0.05 arcsec.']
# - h15: ['Column titles in this table ending with Ap2 refer to the outer photometric aperture ']
# - h15.1: ['(radius = 3.000000000000192 pixels, 0.15 arcsec.']
# - h16: [CI = Concentration Index (CI) = MagAp1 - MagAp2.]
# - h17: ['Flag Value Identification:']
# - h17.1: ['    0 - Stellar Source (0.9 < CI < 1.23)']
# - h17.2: ['    1 - Extended Source (CI > 1.23)']
# - h17.3: ['    2 - Questionable Photometry (Single-Pixel Saturation)']
# - h17.4: ['    4 - Questionable Photometry (Multi-Pixel Saturation)']
# - h17.5: ['    8 - Faint Detection Limit']
# - h17.6: ['   16 - Hot pixels (CI < 0.9)']
# - h17.7: ['   32 - False Detection Swarm Around Saturated Source']
# - h17.8: ['   64 - False Detections Near Image Edge']
# - h17.9: ['  128 - Bleeding and Cosmic Rays']
# - h18: ['#=================================================================================================']
# schema: astropy-2.0
X-Center Y-Center RA DEC ID MagAp1 MagErrAp1 FluxAp1 FluxErrAp1 MagAp2 MagErrAp2 MSkyAp2 StdevAp2 FluxAp2 FluxErrAp2 CI Flags
[from data line 1022]
4522.373378263159 3320.192688589527 53.13920219272844 -27.78622756305203 1023 28.479306123021544 0.059938402851786074 0.07530157577874184 0.00415718539596622 27.2024921367169 0.05778855570835382 0.03918616708419094 0.0023325926868883995 0.24407857492148866 0.012991570713886024 1.2768139863046457 1
1992.288244477387 3320.578732563107 53.178922262076235 -27.78622345504232 1024 28.912751937929272 0.17197077016603696 0.05051562591366407 0.008001483921702333 27.699389886985117 0.17590130228180484 0.04220311400782356 0.0044896747799042505 0.154443828525473 0.025022446870238975 1.2133620509441556 0
1982.2114405711463 3322.79547143272 53.17908045443119 -27.786192649292072 1025 28.907102739872172 0.13586914338184722 0.05077914892770291 0.006354719965428976 26.9082843596861 0.06735096383872673 0.04424793788922482 0.0035660464179417877 0.32004626980236095 0.019853941921505195 1.9988183801860728 1
4671.097731985821 3322.8056512963103 53.13686736282971 -27.786190844815337 1026 28.849406544678025 0.10215855199880833 0.05355054507980808 0.005038819327714933 26.920477897046865 0.05400728959468966 0.04029028953946366 0.00282750741356866 0.3164720460385313 0.01574265214978992 1.9289286476311602 1
1070.6418656227845 3326.7110215987564 53.19339125874129 -27.78613591918627 1027 29.184053690078642 0.42386345120338065 0.03934640316154453 0.015361059442287805 27.103605051176004 0.19486854687473407 0.048699654626139136 0.00862067822044816 0.26735264999907193 0.047986204668350844 2.080448638902638 1
1086.6970784982875 3325.8040176953186 53.1931392099887 -27.786148570559543 1028 29.432335686159618 0.2465444645226134 0.03130345250563957 0.007108494920983666 27.939847643195463 0.1948022553859972 0.04408028845564793 0.003989158783932666 0.12376203915751116 0.02220606462103092 1.4924880429641547 1
1917.0450250494562 3326.2127998355013 53.180103501131676 -27.7861450675093 1029 29.17617771612626 0.17784564576313816 0.0396328612805221 0.0064921541934929786 27.637085226620123 0.13465231574444744 0.03993505505215593 0.003643113255678974 0.1635657702028248 0.02028599957109192 1.5390924895061389 1
1058.9080963515019 3334.2469238064464 53.19357543920675 -27.78603121406647 1030 29.010003925656264 0.4508866221537897 0.046187551862237275 0.019181495113490966 26.617068963598655 0.15542908207790002 0.0614262892537423 0.010764951391857189 0.4185033398511355 0.059913042239658675 2.392934962057609 1
1066.1711135983728 3335.0972330213244 53.19346141331278 -27.786019428898687 1031 29.113727356822935 0.4576393212528552 0.04197933657930453 0.017694938840193495 26.91154202885466 0.18800797777860254 0.055751104295353765 0.009931011424434859 0.31908743440953047 0.055255580066222984 2.202185327968273 1
2867.1853227952734 3340.736809508542 53.16518715763489 -27.785944332746638 1032 27.12556294892599 0.0258742675039462 0.262000025798683 0.006243952061854958 25.584870705335533 0.019556206841427063 0.04535253837199535 0.0035039425047723263 1.082874760914459 0.01950531712978174 1.5406922435904562 1
3203.954698171182 3347.1058239031177 53.15990019664907 -27.785855839828752 1033 28.995186928660857 0.11520786595872858 0.046822192073346966 0.004968485611384361 27.498141360569562 0.09064756188658117 0.03925908373321517 0.0027880822790394286 0.18589596765954242 0.015520877068144295 1.4970455680912949 1
1957.7148021473768 3348.7742975957817 53.17946497640988 -27.785831788470503 1034 28.04447503872433 0.05553480414133204 0.1123922843277684 0.005748994655189758 26.515478234612488 0.042412256042218606 0.040143235905358454 0.0032263199601253894 0.45955259181506003 0.017952161912982864 1.5289968041118414 1
4665.161656358968 3350.9607468517506 53.136960649121505 -27.785799819664707 1035 27.999227191805502 0.0445503078229406 0.11717518204861911 0.004808133397324385 26.389864559187828 0.031603939366031605 0.03856048541697296 0.0026981299066787218 0.5159180114353632 0.015017999034030411 1.6093626326176746 1
4776.681011394454 3354.032774686381 53.13520991343085 -27.78575680780366 1036 28.577229034527257 0.06680528263348755 0.06880736074196853 0.004233853902211976 27.147829290151584 0.055949815112733024 0.03892615023164117 0.0023757094530134355 0.2566816353633907 0.013227678033909611 1.4293997443756723 1
1022.6925978624346 3355.6464872714223 53.19414390501601 -27.785733873490344 1037 28.952619114939424 0.9040444433974607 0.048694383040499584 0.04054700784050032 26.633974585908646 0.3337984456097017 0.06492782275186104 0.022754912368252046 0.412037439114707 0.12668090329694326 2.3186445290307773 9
2137.515345590375 3363.1338577605607 53.17664225510135 -27.785632646912767 1038 28.891852669946445 0.13384849457746012 0.05149741692507953 0.006348762761397908 27.248875177816053 0.09229919606813951 0.041582442645239054 0.0035615477387074624 0.2338710376355284 0.019882203884480858 1.6429774921303917 1
4996.885980574011 3362.710458153961 53.13175294354675 -27.785635538784245 1039 28.61225547951335 0.08242770893943752 0.06662302101537726 0.005058103513789762 26.791334021734933 0.048127908234891804 0.03984455898151559 0.002838381589909052 0.3564453101557248 0.015800835569616162 1.820921457778418 1
997.7093747611202 3363.7857930590376 53.19453608503938 -27.785620740379223 1040 28.91444734970686 0.3547023148891389 0.050436805705764975 0.01647789604812431 26.951349246905636 0.18188003793875185 0.04783341285970569 0.00924610550366769 0.3076003426373115 0.05153022196633258 1.9630981028012258 1
2140.105103705227 3370.3878762962054 53.17660158625189 -27.785531900514414 1041 28.523866608474982 0.10636505829665507 0.07227363036879372 0.007080582948777419 26.877217629544866 0.07297594599188977 0.04269693192468382 0.003973059001005217 0.32933619369741507 0.022136520479356273 1.6466489789301164 1
500.8751759001535 3371.4169953063074 53.202335852976596 -27.7855127871108 1042 27.849203645987984 0.046372568282610445 0.13453802724588454 0.005746406792914696 26.327743515323924 0.03568017432490321 0.04080156762735779 0.0032246386052697537 0.546297367229805 0.017953380580266288 1.5214601306640603 1
1017.8589394197242 3374.398938011872 53.19421971504115 -27.785473406037827 1043 28.570167716340272 0.10503600213825934 0.06925632254182842 0.006700200094493385 27.147368024837398 0.08851686288174022 0.04110777435296631 0.003759872928847996 0.2567907074275446 0.020936085326212616 1.422799691502874 1
4167.663494600858 3375.8992474704655 53.14477095252961 -27.7854547211146 1044 25.618221965199346 0.016342499056693556 1.050117092819041 0.015806887352687628 23.99362464090411 0.011518350993009767 0.04661745927956423 0.008861814842436774 4.688961396705218 0.04974588114573455 1.6245973242952374 1
3733.706127133216 3378.9845649118943 53.15158365046656 -27.78541261828488 1045 28.429609179195353 0.0630446202736688 0.07882842365226712 0.004577422893920119 26.762138950405422 0.04240414983127343 0.03932246228768713 0.002568544533393971 0.3661600287273983 0.014301100414829121 1.6674702287899308 1
4632.964139883012 3386.426012737983 53.137466236930884 -27.785307342031373 1046 28.71893625672785 0.08385771901191218 0.06038818974399508 0.004664286494602538 27.110869338438185 0.059598791661005825 0.03920433466735575 0.002617155297120453 0.2655698561148576 0.01457828361981458 1.6080669182896656 1
2414.260501188493 3389.4287959063936 53.17229759813805 -27.785267784155465 1047 28.233867566977437 0.055407223910700035 0.09440162862826204 0.004817658814535198 26.954116781645 0.05328285606529146 0.04014656544243757 0.0027032324365913753 0.3068172697515461 0.015057659042569158 1.279750785332439 1
3895.4300586501176 3394.38953786268 53.14904477704706 -27.785198420331024 1048 28.612017502505672 0.12602983593372252 0.06663762537765405 0.007735404801840845 26.913949898502196 0.08246828161702476 0.03780508491252532 0.004340527351707831 0.31838056877297016 0.02418375095049997 1.6980676040034766 1
5071.805649002902 3394.030875477203 53.130576910096394 -27.785200259760046 1049 28.805161946621837 0.11384456787702553 0.05577784550057269 0.005848765513607986 27.059430940870143 0.07123822157571671 0.0472528189294419 0.0032821452492001264 0.27845443367249945 0.01827079178843348 1.7457310057516935 1
1181.1302671565775 3396.7363105202826 53.19165643926992 -27.78516370889494 1050 29.09058050602046 0.1535335151451101 0.04288390361662178 0.0060643975917878245 27.331329033124995 0.09489705434312569 0.0394061881998161 0.0034031073575712992 0.2167678651239342 0.018946883924204957 1.759251472895464 1
5065.438776436093 3396.833232636765 53.130676875053005 -27.785161361752376 1051 30.035753133277588 0.4750105754480554 0.01795664762720134 0.007856311616942863 28.381138678458612 0.3236060900105672 0.04717562402166971 0.004408211523398637 0.08242729392731696 0.02456845749099273 1.6546144548189758 9
5075.228973951511 3396.96203696098 53.13052317981228 -27.785159536465216 1052 29.802278871862995 0.4037540982746173 0.0222646034755003 0.008279842405537932 27.95545685289099 0.2303095512992911 0.04557206582828488 0.004646220755605875 0.12199548909454228 0.025878904258912764 1.8468220189720057 9
5070.833902351589 3400.3585913197508 53.13059219205919 -27.7851123784417 1053 29.908707828992654 0.41931175506418733 0.020185679901408043 0.00779597758738445 27.85481766671107 0.19770680172534597 0.045123286081226635 0.0043745190241660185 0.1338441663278822 0.0243731252226958 2.053890162281583 1
3892.735031979217 3400.5886498888467 53.14908709752219 -27.785112325936122 1054 28.675797881046577 0.10882200455829916 0.06283583074868822 0.0062981680576202105 26.78039841113258 0.059415001951202126 0.039391644338381965 0.0035336498964730033 0.36005359305617657 0.019703955912287064 1.8953994699139969 1
3846.377797209993 3404.5553029271564 53.14981486400398 -27.7850573068522 1055 27.950140096124734 0.052356808880262895 0.12259435560900263 0.00591199156895969 26.141116610482364 0.030919217403410713 0.0395349055426578 0.0033174512479175106 0.648753732431933 0.018475598871085085 1.8090234856423706 1
2005.349408192746 3405.9419063064597 53.17871704699928 -27.785037878148646 1056 28.07298460979441 0.05066941379978257 0.10947946582854076 0.005109385978304768 26.399789275904666 0.033892508968754315 0.03965329482043917 0.0028672155534993716 0.5112234928996982 0.01595896363465131 1.673195333889744 1
3598.1151813161 3407.522503810082 53.15371232637659 -27.78501642349699 1057 28.558845736934323 0.08391596370759458 0.06998230116250623 0.005409074555150433 26.91247070766847 0.05754984006309212 0.038904243256567286 0.003035313070605629 0.3188146213239371 0.016899447791257124 1.6463750292658546 1
4740.918716248228 3408.404592353728 53.135771539130985 -27.785001756743185 1058 27.696329781041 0.03175939116089308 0.15487973655239448 0.004530612633382671 26.2447003522199 0.02607001868159029 0.03986399417224619 0.0025421330027134413 0.5897207005337071 0.01416047681664756 1.4516294288211 1
747.8481008991885 3412.4826176830634 53.198458442429505 -27.784943462565103 1059 25.229279317016 0.003793523433507211 1.502501059247554 0.005249859977088517 24.246755352700077 0.004794933147993165 0.03931511965181146 0.0029459542510422436 3.7138501170663303 0.016402010714745917 0.9825239643159236 0
3714.4793957028314 3421.1262313452858 53.15188555290462 -27.784827342827533 1060 28.356039591294156 0.06057688477603743 0.08435497035543899 0.004706605249615438 26.949742332229206 0.05181790735077655 0.03916476173168522 0.0026410971612190956 0.3080559353143135 0.014702785221492043 1.4062972590649494 1
854.8158765277369 3422.3469563811905 53.19677912249093 -27.78480687092589 1061 28.951480501812426 0.10907838009063789 0.04874547569615442 0.004897372686454899 27.11901691614444 0.06301520736772588 0.03869494591223992 0.0027481690194814785 0.2635844266033869 0.015298726444980698 1.8324635856679876 1
2753.979351353978 3422.200207525537 53.16696434878509 -27.784812863050153 1062 29.112337269861378 0.16384482425994992 0.04203311787584879 0.006343288948573458 27.189652654208757 0.08731135142126539 0.04001476327560359 0.0035585484235842605 0.24698208465343585 0.01986215306984697 1.9226846156526207 1
2750.8054692049964 3424.8662119176865 53.167014174029546 -27.784775833941545 1063 29.201282514229902 0.20220941574940685 0.03872696900736411 0.007212819173551148 26.990512419719195 0.08246015137798368 0.041189339974907785 0.0040476367864913715 0.296702732344714 0.022534910401958635 2.210770094510707 1
2546.3676754080925 3428.5542940175064 53.17022361826361 -27.78472449110862 1064 28.81932954031278 0.1080934563728651 0.05505473765960649 0.005481308725548684 28.471391393325632 0.24505328791211647 0.03971659713047179 0.0030759640573302517 0.0758525099873566 0.017120665901066947 0.347938146987147 24
2749.020900444399 3428.151160008605 53.167042188278344 -27.784730208941024 1065 28.832810228629626 0.1534716193363078 0.05437539467151706 0.007686358913409379 26.9786572252414 0.08690825974223283 0.04083626089712321 0.0043134759646780985 0.29996019244504324 0.024011253861420244 1.8541530033882268 1
3271.3587146221957 3430.5023026740005 53.15884206663103 -27.78469752436954 1066 28.688657709472437 0.09160350407626058 0.06209597204278844 0.00523920846287274 27.312194549796523 0.08054143888962548 0.038729202141196045 0.0029400287815071835 0.2206219372439735 0.016366591393797803 1.3764631596759145 1
4160.189565025009 3435.354417316065 53.14488842664963 -27.784628970642622 1067 28.47797762465867 0.06553065145205729 0.07539377059323363 0.004550615181359085 27.118748245994 0.05854652267783212 0.03980741018847543 0.0025534982926359697 0.2636496597880067 0.01421734437301396 1.359229378664672 1
3996.098196929494 3438.333923198353 53.14746448220118 -27.784587908852657 1068 27.56536580041884 0.027304824236216926 0.17473511634349637 0.004394502753664993 26.01001636338262 0.020376859994595983 0.03856121336196945 0.002465651865614857 0.7320149795326729 0.01373875541299099 1.5553494370362202 1
4913.812554038888 3438.5568328111635 53.1330574089798 -27.78458240847954 1069 29.11429829673949 0.15867319594020854 0.041957267334344545 0.006131982776879582 27.34871586830144 0.0975554864025599 0.039280891495532 0.0034407877360574483 0.21332421999176665 0.01916823067398313 1.7655824284380515 1
3046.442714653962 3443.7162023913747 53.16237299855406 -27.784514070157964 1070 27.619512895440124 0.0328373324096841 0.16623457425881388 0.005027816130532364 26.15021516552283 0.02650580990045899 0.03861794678841607 0.0028213823887815056 0.6433398410805506 0.0157062204375726 1.4692977299172938 1
4910.897261117541 3445.8007605288635 53.13310320384507 -27.78448180839123 1071 29.03573229660742 0.15594719991503572 0.04510592516240891 0.006478900919825755 27.273657311846733 0.0961897778457544 0.03863239157302627 0.0036354757522464973 0.22859334827146838 0.02025268802362504 1.7620749847606874 1
4321.400586095484 3448.0910091577043 53.14235762977032 -27.78445171242033 1072 28.283977325606855 0.053739677665657806 0.09014374222758363 0.004461909966737119 26.688075087603153 0.038618648392356444 0.0387200436567607 0.0025036203260257765 0.3920093977552279 0.013943882378565487 1.5959022380037027 1
1934.9074991998518 3455.9925942505515 53.179822805013835 -27.784342603794443 1073 28.81561989014172 0.10465386940798012 0.05524316567560775 0.005325053924931806 26.92158210896033 0.05711107449398518 0.03965771925770474 0.0029883163137585157 0.3161503522764233 0.016630456221938348 1.8940377811813889 1
2102.9601034162315 3463.3241145934912 53.177184562636874 -27.78424106304034 1074 28.484314013916872 0.0741143969364181 0.0749550517062219 0.005116743533706062 26.678140422088013 0.043981639460005356 0.03905228217658789 0.0028702531959465894 0.39561280922407316 0.016026250291105337 1.806173591828859 1
4923.705043568395 3466.6426905019116 53.132902217735946 -27.78419229312593 1075 27.958868263430382 0.049064529355969916 0.12161277775008301 0.005495877041521592 26.517972946640768 0.04066997004504579 0.0394385252147913 0.003083918919491614 0.45849788324724816 0.017175182073669047 1.4408953167896144 1
