775fw/HST/hst_10086_7e_acs_wfc_f775w_j8wc7e/hst_10086_7e_acs_wfc_f775w_j8wc7e_segment-cat.ecsv
# %ECSV 1.0
# ---
# datatype:
# - {name: X-Centroid, unit: pix, datatype: float64, format: 10.3f, description: Pixel Coordinate}
# - {name: Y-Centroid, unit: pix, datatype: float64, format: 10.3f, description: Pixel Coordinate}
# - {name: RA, unit: deg, datatype: float64, format: 13.7f, description: Sky coordinate at epoch of observation}
# - {name: DEC, unit: deg, datatype: float64, format: 13.7f, description: Sky coordinate at epoch of observation}
# - {name: ID, unit: '', datatype: int32, format: 7d, description: Catalog Object Identification Number}
# - {name: CI, unit: mag(AB), datatype: float64, format: 7.3f, description: Concentration Index}
# - {name: Flags, unit: '', datatype: int32, format: 5d, description: Numeric encoding for conditions on detected sources}
# - {name: MagAp1, unit: mag(AB), datatype: float64, format: 7.3f, description: ABMAG of source based on the inner (smaller) aperture}
# - {name: MagErrAp1, unit: mag(AB), datatype: float64, format: 7.3f, description: Error of MagAp1}
# - {name: FluxAp1, unit: electron / s, datatype: float64, format: 10.4f, description: Flux of source based on the inner (smaller) aperture}
# - {name: FluxErrAp1, unit: electron / s, datatype: float64, format: 10.4f, description: Error of FluxAp1}
# - {name: MagAp2, unit: mag(AB), datatype: float64, format: 7.3f, description: ABMAG of source based on the outer (larger) aperture}
# - {name: MagErrAp2, unit: mag(AB), datatype: float64, format: 7.3f, description: Error of MagAp2}
# - {name: FluxAp2, unit: electron / s, datatype: float64, format: 10.4f, description: Flux of source based on the outer (larger) aperture}
# - {name: FluxErrAp2, unit: electron / s, datatype: float64, format: 10.4f, description: Error of FluxAp2}
# - {name: MSkyAp2, unit: electron / (pix s), datatype: float64, format: 7.3f, description: Sky estimate from an annulus outside Aperture
#     2}
# - {name: Bck, unit: electron / s, datatype: float32, format: 10.4f, description: Background at the position of the source centroid}
# - {name: Area, unit: pix2, datatype: float64, format: 8.3f, description: Total unmasked area of the source segment}
# - {name: FWHM, unit: pix, datatype: float64, format: 8.3f, description: Circularized FWHM of 2D Gaussian function having the same second-order
#     central moments as the source}
# - {name: MagSegment, unit: mag(AB), datatype: float64, format: 7.3f, description: Magnitude corresponding to FluxSegment}
# - {name: FluxSegment, unit: electron / s, datatype: float64, format: 10.4f, description: Sum of unmasked data values in the source segment}
# - {name: FluxSegmentErr, unit: electron / s, datatype: float32, format: 10.4f, description: 'Uncertainty of FluxSegment, propagated
#     from the input error array'}
# - {name: KronRadius, unit: pix, datatype: float64, format: 8.4f, description: The unscaled first-moment Kron radius}
# - {name: Xmin, unit: pix, datatype: int64, format: 8.0f, description: Minimum X pixel within the minimal bounding box containing the
#     source segment}
# - {name: Ymin, unit: pix, datatype: int64, format: 8.0f, description: Minimum Y pixel within the minimal bounding box containing the
#     source segment}
# - {name: Xmax, unit: pix, datatype: int64, format: 8.0f, description: Maximum X pixel within the minimal bounding box containing the
[...]
# - h12: [RA and Dec values in this table are in sky coordinates (i.e. coordinates at the epoch of observation]
# - h12.1: [and an undistorted a posteriori solution aligned by visit to GSC242).]
# - h13: [Magnitude values in this table are in the ABMAG system.]
# - h14: ['Column titles in this table ending with Ap1 refer to the inner photometric aperture ']
# - h14.1: ['(radius = 1.000000000000064 pixels, 0.05 arcsec.']
# - h15: ['Column titles in this table ending with Ap2 refer to the outer photometric aperture ']
# - h15.1: ['(radius = 3.000000000000192 pixels, 0.15 arcsec.']
# - h16: [CI = Concentration Index (CI) = MagAp1 - MagAp2.]
# - h17: ['Flag Value Identification:']
# - h17.1: ['    0 - Stellar Source (0.9 < CI < 1.23)']
# - h17.2: ['    1 - Extended Source (CI > 1.23)']
# - h17.3: ['    2 - Questionable Photometry (Single-Pixel Saturation)']
# - h17.4: ['    4 - Questionable Photometry (Multi-Pixel Saturation)']
# - h17.5: ['    8 - Faint Detection Limit']
# - h17.6: ['   16 - Hot pixels (CI < 0.9)']
# - h17.7: ['   32 - False Detection Swarm Around Saturated Source']
# - h17.8: ['   64 - False Detections Near Image Edge']
# - h17.9: ['  128 - Bleeding and Cosmic Rays']
# - h18: ['#=================================================================================================']
# schema: astropy-2.0
X-Centroid Y-Centroid RA DEC ID CI Flags MagAp1 MagErrAp1 FluxAp1 FluxErrAp1 MagAp2 MagErrAp2 FluxAp2 FluxErrAp2 MSkyAp2 Bck Area FWHM MagSegment FluxSegment FluxSegmentErr KronRadius Xmin Ymin Xmax Ymax X2 Y2 XY CXX CYY CXY Elongation Ellipticity Theta
[from data line 2154]
2039.2582802140755 4546.284874181099 53.17817901610135 -27.769196930377245 2155 1.0046524371447845 0 24.055256739722616 0.0014356453050136295 4.430204947552172 0.005858158730037236 23.05060430257783 0.001777324954541744 11.17595881374358 0.01829539512811754 0.041692257015291695 0.037362136 100.0 3.4815588879776267 22.915751443688144 12.653944816440344 3.557341 3.5 2034 4542 2046 4552 2.2249686576518286 2.1468489845493894 0.21270286964987475 0.45374217750476514 0.47025297581175507 -0.08991062150252145 1.1043513517179762 0.09449107981408522 39.79719154883561
3534.5097985334473 4543.035566658252 53.15470857937097 -27.76924256846937 2156 1.008371201836276 8 29.914749066763143 0.32160525325640316 0.02007367492890591 0.005946209182368514 28.906377864926867 0.39699209474859337 0.05081306215883452 0.018580071831100855 0.042139964298990404 0.037362136 6.0 1.5656117950887707 28.66812004522022 0.06328175216913223 0.2516456 3.9790332055169166 3534 4542 3535 4544 0.24990398874227898 0.6341579975378129 0.0034739925639777165 4.001841522613464 1.5770141868406355 -0.043845122968578454 1.5931262257802787 0.37230334682977073 89.48205244683326
3506.1581953211753 4545.184956303137 53.15515360689252 -27.76921274305617 2157 1.3774447086266406 9 29.869951730188674 0.32460704992989614 0.020919236103126876 0.00625451922098461 28.492507021562034 0.28515009928364055 0.07439156668349356 0.019538327922689284 0.04278951525940733 0.037362136 12.0 2.3469907703106005 27.817596174190456 0.13851220533251762 0.37228984 3.935115139936887 3505 4543 3507 4547 0.627714085764041 1.359008875250286 0.01913907569040735 1.5937663387036949 0.7361464655899655 -0.0448903831973217 1.4722562380134734 0.32077041062545775 88.50185117333397
3783.2819394786693 4546.752239924774 53.150803695694464 -27.769190648098604 2158 2.399242600189183 1 29.636441734003206 0.20906868404722617 0.025938796386179894 0.004994924957380101 27.237199133814023 0.0716519100403769 0.2363996668257915 0.015601443917266906 0.03903864057281532 0.037362136 35.0 5.6271744188770745 26.580444800944306 0.4328611344099045 0.65811574 3.9018986492918115 3777 4544 3788 4549 9.237236236687506 2.1835315412628122 3.494554056023453 0.2743857879601345 1.1607647040956328 -0.8782616143724121 3.7842689473344664 0.7357481685585872 22.36822136189169
3515.977466297072 4561.791363098603 53.1549994951395 -27.768982089288752 2159 1.7478551147208492 1 25.745679565200064 0.02406778512717645 0.9338017587836217 0.020700506660941014 23.997824450479214 0.01503899871549737 4.670858742922104 0.06470022900900357 0.05803068476341844 0.037362136 855.0 14.680999220548731 22.315101097614395 22.003211565315723 4.6914225 3.7073382407911675 3493 4545 3536 4579 47.453019237769404 30.28362319495297 -9.165146988571307 0.022381756658308383 0.03507116445230326 0.013547394135455889 1.3980621321159958 0.2847242071520244 -23.43649912284986
1717.226807188533 4546.941515663735 53.18323382795483 -27.76918718203756 2160 1.5910161501456344 1 29.79416706049198 0.2706413914336138 0.02243157094318765 0.005591702654606361 28.203150910346345 0.19531584937710675 0.09711049090011215 0.017470035934036288 0.04107257597097734 0.037362136 10.0 2.3652689732220646 28.00112882450035 0.11697013303637505 0.34211555 3.9906215390641835 1715 4546 1719 4548 1.5218336822876062 0.4959547011144425 -0.3904577851824317 0.8234301751127571 2.5266899833446983 1.296548744086686 2.130621330448324 0.53065334242684 -18.63948693708521
1813.3086464865867 4549.767573269017 53.18172565904215 -27.769148137955163 2161 2.0526742063307424 1 30.089383959797566 0.35262806855491047 0.017091214696590112 0.00555111175068239 28.036709753466823 0.16629670850857503 0.11319900572284247 0.017338695825874596 0.04017828591167927 0.037362136 9.0 3.0835077258051156 28.200744811849617 0.09732593595981598 0.3120762 3.942479557686612 1812 4547 1815 4552 0.8834852744116319 2.545808013421902 -0.7989720830798602 1.5804349072652375 0.5484667187680627 0.9920020389381731 2.2593652564700917 0.557397814657757 -68.06561952005117
2288.9917384189666 4550.102916542858 53.17425903337285 -27.769144262712306 2162 2.134414874159006 1 29.721036105447126 0.22498930490274902 0.023994520275890246 0.004972377671868346 27.58662123128812 0.09840829798778034 0.1713475981561352 0.015531017314948319 0.03885525751959633 0.037362136 10.0 2.2879089316174546 28.169115200192465 0.10020293295383453 0.31666362 3.9100733291226217 2288 4548 2290 4552 0.6025689319574286 1.285387704880621 -0.3273251669645807 1.9259833961532644 0.9028698139722734 0.9809069035329342 1.7344576455963114 0.42345089686165427 -68.10326406666574
4198.732992628781 4551.113911045287 53.14428251922174 -27.769129323881245 2163 1.5732265157159233 1 27.63050476397683 0.03020205831748164 0.16456012480539095 0.004577741996964607 26.057278248260907 0.022156152959440765 0.7008340830714748 0.014302097396814045 0.03974236535275874 0.037362136 38.0 3.4822589093551826 25.818330581055754 0.8733619786798954 0.93468666 3.8123013970212773 4195 4548 4202 4554 2.3943822524125453 1.9791936099272864 -0.43938431427043984 0.4353811262321439 0.5267139285700959 0.19331068636870793 1.2535686879145795 0.20227745823518706 -32.35541991480346
3536.3118488621167 4553.287208435798 53.15468030467251 -27.769100182800017 2164 2.9663031127074646 9 31.65034567173322 1.8865296501608544 0.004058712088064048 0.007052482910195357 28.684042559025755 0.3836128158819807 0.06236048583988585 0.022033970316668504 0.04309592112189248 0.037362136 10.0 3.188961878409012 28.125343205050306 0.10432520136237144 0.32310697 4.0013129881769665 3534 4552 3538 4555 2.6494802120236725 1.0183836079412025 0.6665891549204171 0.45184256400526834 1.175537315159846 -0.5915125706044082 1.923184334203409 0.4800290423464768 19.630439102560427
1760.448862939565 4558.949555238419 53.18255535745538 -27.769020498756564 2165 1.9734631511295504 1 30.346963931873894 0.42012641273116186 0.013481584586089779 0.005216882905117089 28.373500780744344 0.21320688468547966 0.08300919483604985 0.016301125385690514 0.04318831775833315 0.037362136 18.0 3.251104485526468 27.432716555516144 0.1974421590566635 0.4444923 3.948796120829448 1759 4557 1762 4563 1.1196433771568242 2.692562988333912 -0.32657419227966084 0.925896764632557 0.38501390123216417 0.2245993793677822 1.6171152871711543 0.38161489911500623 -78.72476652112714
1764.9998269014204 4561.140506222216 53.18248391737728 -27.768990078699304 2166 1.2241479361388983 8 30.90245073927243 0.733518097669271 0.00808250939208649 0.005460686113730586 29.678302803133533 0.7420692921583073 0.024957747833320276 0.01705846759559501 0.043800178170204165 0.037362136 8.0 2.3883681526708083 28.378207594823223 0.08265011757612228 0.28759077 3.9185535392298805 1763 4559 1766 4562 0.9760604084931971 1.0813317993507632 -0.38170452420085554 1.1886074045168429 1.0728923624435254 0.8391445143389233 1.4824942953742377 0.32546114806629856 -48.925684120524835
1929.501537861692 4563.105825101513 53.17990179329586 -27.76896311260604 2167 1.5507407647079745 1 28.393782282443624 0.07369531369863287 0.08147297982829627 0.005530235614266078 26.84304151773565 0.05528465890222288 0.33986771099683066 0.01730631894108782 0.03924056199372661 0.037362136 24.0 2.9950224111855523 26.71991120674482 0.38068172708153725 0.6171359 3.850331346673747 1927 4560 1932 4565 1.5825586794544124 1.6527423846923663 -0.18006218871716279 0.6398192740741567 0.6126493486501525 0.13941344996082156 1.1206344877126537 0.10764838048031422 -50.5139969754193
1736.801770181325 4563.192103112363 53.18292652628771 -27.768961522921057 2168 0.20770874314568033 24 29.223424488673814 0.1551307332390664 0.037945188812434166 0.005421815384883237 29.015715745528134 0.4002276687706669 0.04594520730897833 0.016937038972513033 0.04232784637202651 0.037362136 6.0 1.5291992148335893 28.310713354423868 0.08795107901096344 0.29663923 3.8099843097455377 1736 4562 1738 4564 0.442472036590945 0.4009456040747052 -0.11397671312713109 2.4385967258119976 2.6911652072708616 1.386438642179741 1.3257305945927866 0.2456989345507551 -39.83780196519993
1754.2905668674177 4563.631951845043 53.18265201038445 -27.768955452148518 2169 1.4156509445631045 9 30.502207958489166 0.4891828664444648 0.011685393193980959 0.005265077036163069 29.08655701392606 0.4150256641499582 0.04304311645708814 0.016453898862196736 0.04309445711439602 0.037362136 8.0 2.28350899017525 28.430751778027215 0.0787455104291439 0.28072023 4.013806620748337 1752 4563 1756 4565 1.4024547806483407 0.47824727457708344 0.45056715359306315 1.0225307798728793 2.9985600688700975 -1.9266969513042567 2.318723457551796 0.5687282169233578 22.137896172980124
1941.4532842633607 4570.859419943713 53.17971417525717 -27.76885544591545 2170 2.152592858139087 1 28.83759201663129 0.13361809585638523 0.05413644171210455 0.006662621587926312 26.684999158492204 0.05754224295645773 0.3931215488969495 0.0208354938546995 0.042437362377548055 0.037362136 107.0 7.923423405913694 25.161225125490077 1.5996923334896564 1.2650979 3.8963750691458374 1934 4563 1949 4578 11.415665482506304 11.227663463398404 5.931404468165639 0.12074094782385911 0.12276269901491381 -0.12757122615006186 1.7892363097845154 0.4411023325809692 44.54602570854027
1747.3959290664873 4567.001349002642 53.182760224501074 -27.76890863996611 2171 1.3432187739423256 9 30.427411804425518 0.4605428744435044 0.012518773788155052 0.0053103362484157 29.084193030483192 0.4175179958627021 0.04313693673197072 0.01658878822141346 0.043115837417416675 0.037362136 10.0 2.247263275105197 28.174545121178 0.09970305487513542 0.31587335 3.916601724675637 1746 4566 1749 4569 0.813540501012882 1.0079313195739226 0.12031208012903352 1.2512834933833124 1.009959488654971 -0.29871979766182677 1.187070055567068 0.15758973507060947 64.46669220956174
1725.8526427996678 4568.130875322657 53.183098378063974 -27.76889290466232 2172 0.9892777867746076 8 30.105265995912305 0.34197167762360287 0.016843025853978566 0.005305183575152221 29.115988209137697 0.42967804487132055 0.04189201303534862 0.016579237594871944 0.04251580024520828 0.037362136 8.0 1.8146694392979243 28.324388902824424 0.08685022592544556 0.29480258 3.9546967854239763 1725 4567 1727 4569 0.5919476926049221 0.5957600793799676 0.14528668107100345 1.7968904504559937 1.7853917924783502 -0.8764073284891197 1.2836880159759838 0.220994519264322 45.37584508439958
1764.1280762629162 4568.85050183888 53.18249758213355 -27.768882993572053 2173 1.05227536131234 8 31.671536480131763 1.363926008303781 0.003980264394183863 0.0050002635416347635 30.619261118819423 1.6164896625269225 0.010491125109205912 0.015620148556054148 0.044301309613353115 0.037362136 7.0 2.639881872411591 28.56676371782045 0.06947379559278488 0.26367563 3.866708425698033 1762 4568 1766 4570 2.104560948109647 0.40896593901466394 0.7331859246822847 1.2656306292919088 6.513004001156395 -4.537994364417413 4.182660271513789 0.760917709044995 20.426830772984776
1739.4091815964694 4570.665569602214 53.18288558019573 -27.768857730531803 2174 1.6739809651597213 9 30.2274516508119 0.3855298713152157 0.015050324135322452 0.0053443396215742366 28.55347068565218 0.25779369471444263 0.07032961490258338 0.016699393270314906 0.04261555003936787 0.037362136 12.0 2.3925680899018054 27.999476940241976 0.11714823171496391 0.34239703 3.9417689131133926 1738 4569 1741 4572 1.0647947232100852 0.999839681055992 0.13369420667735843 0.9551849055965229 1.0172389298401368 -0.25544632925358585 1.1434762599088029 0.12547375484668633 38.172983918783174
1773.9594226687068 4574.096587730021 53.182343250759644 -27.768810152367863 2175 1.138983127992482 8 30.696016645827605 0.5755317771274947 0.009775069532495406 0.005181784230986377 29.557033517835123 0.629750542156149 0.027906997053140037 0.016187203209141555 0.04379495703062769 0.037362136 22.0 5.965076788410861 27.27677934784088 0.2279369719326496 0.4775954 3.9078675750953638 1770 4570 1779 4578 5.021244847756702 7.812299776522696 5.233224226765088 0.6597761313321284 0.4240617481269886 -0.8839283011398933 3.4387373532263408 0.709195586263148 52.46571371986217
1810.243974313133 4574.736454362069 53.18177370558777 -27.768801341668198 2176 1.8797380399854475 1 29.224188276961293 0.1376002082550767 0.037918504707256495 0.004805742050695036 27.344450236975845 0.07610546895289956 0.2141639749350337 0.01501248019273074 0.040975993404449046 0.037362136 29.0 3.850547882185402 26.810817512813976 0.35010596364736557 0.5918762 3.933278445073716 1807 4570 1813 4577 2.381123805773731 2.966484685190991 -0.13339072996798015 0.42103033591841904 0.33795062580736457 0.03786403761137634 1.128489373250996 0.11385962180648523 -77.74930549436667
1748.1545082253124 4572.836477716329 53.18274830298755 -27.768827598183922 2177 -9999.0 24 31.214054464619608 1.0047393351241072 0.0060660324302296564 0.005613688303205505 -9999.0 -9999.0 -0.0007541770328154396 0.017538726061908528 0.04445975838976653 0.037362136 7.0 2.470961556478419 28.480218008450272 0.07523835822939873 0.27438915 3.887041586241641 1747 4571 1749 4575 0.7003157395009899 1.5018323701767848 0.866110987580095 4.97940824519613 2.3219355480408046 -5.74327771654519 3.742625926488054 0.7328079215925369 57.41522895153536
2202.268211353488 4573.5113355071535 53.175620264696384 -27.768819033112752 2178 1.3701016551740182 1 27.94267192263265 0.044308359578695306 0.12344052058349828 0.005037714813111338 26.57257026745863 0.039202054138140395 0.43601196436731393 0.015743358784198563 0.040487573469338345 0.037362136 38.0 3.7233076732021835 26.180056638181995 0.6258984245359898 0.7913125 3.8678784683886005 2199 4571 2207 4576 3.259970409931515 1.7400571520818258 0.7053514715568103 0.33624200991991954 0.6299442530398514 -0.2725988582759861 1.554756486806186 0.35681246003081724 21.432921339808455
2138.3682385365682 4582.994825930848 53.17662326041996 -27.768687226402918 2179 1.5454928706295945 1 29.26279464168244 0.14445649455845047 0.0365938966323716 0.004868956461035909 27.717301771052846 0.10870061656850669 0.15191680050965783 0.015209956601745083 0.03920080092246249 0.037362136 9.0 2.3029347848917827 28.021308396484486 0.11481619626283646 0.3389422 3.8895801433459685 2137 4582 2140 4585 1.0318924326314254 0.8809439649646187 0.5209949579330703 1.3816482143382456 1.6183916272036871 -1.63422824137598 1.8570443782679331 0.46150990697772076 40.878578167486495
2080.5059645737533 4590.090692011402 53.17753148695033 -27.768588583546425 2180 1.6682609844820107 1 27.650831125864194 0.03748521356512789 0.1615080089754746 0.0055762754065803236 25.982570141382183 0.025197791465374243 0.7507553869402284 0.017424129761099954 0.04066704526391046 0.037362136 56.0 4.556723716001329 25.454493474679374 1.2210378423333168 1.1051905 3.7843017018089364 2075 4587 2085 4594 5.237921842633479 2.251011102024606 1.2521106845627976 0.2201943208118981 0.5123744798802317 -0.24496339580080154 1.780668043968602 0.43841301393195964 19.988208373009172
2995.058943893698 4589.903337012629 53.16317615334736 -27.768591900767593 2181 1.550969305848163 1 29.001896100848604 0.10224183035322118 0.04653375225276982 0.004382146084117634 27.45092679500044 0.07658814608388807 0.1941582261823227 0.013696434180934245 0.038942880339638886 0.037362136 12.0 2.2238819144501485 27.760471893189717 0.14599492400884628 0.3822073 3.9499461258133755 2994 4588 2996 4592 0.5542064556495044 1.2295600041026695 -0.12719187695775572 1.8482611337774395 0.8330770752526832 0.3823868732372861 1.5358928199894177 0.3489129013527845 -79.68011871942296
