775fw/HST/hst_10086_7e_acs_wfc_f775w_j8wc7e/hst_10086_7e_acs_wfc_f775w_j8wc7e_segment-cat.ecsv
# %ECSV 1.0
# ---
# datatype:
# - {name: X-Centroid, unit: pix, datatype: float64, format: 10.3f, description: Pixel Coordinate}
# - {name: Y-Centroid, unit: pix, datatype: float64, format: 10.3f, description: Pixel Coordinate}
# - {name: RA, unit: deg, datatype: float64, format: 13.7f, description: Sky coordinate at epoch of observation}
# - {name: DEC, unit: deg, datatype: float64, format: 13.7f, description: Sky coordinate at epoch of observation}
# - {name: ID, unit: '', datatype: int32, format: 7d, description: Catalog Object Identification Number}
# - {name: CI, unit: mag(AB), datatype: float64, format: 7.3f, description: Concentration Index}
# - {name: Flags, unit: '', datatype: int32, format: 5d, description: Numeric encoding for conditions on detected sources}
# - {name: MagAp1, unit: mag(AB), datatype: float64, format: 7.3f, description: ABMAG of source based on the inner (smaller) aperture}
# - {name: MagErrAp1, unit: mag(AB), datatype: float64, format: 7.3f, description: Error of MagAp1}
# - {name: FluxAp1, unit: electron / s, datatype: float64, format: 10.4f, description: Flux of source based on the inner (smaller) aperture}
# - {name: FluxErrAp1, unit: electron / s, datatype: float64, format: 10.4f, description: Error of FluxAp1}
# - {name: MagAp2, unit: mag(AB), datatype: float64, format: 7.3f, description: ABMAG of source based on the outer (larger) aperture}
# - {name: MagErrAp2, unit: mag(AB), datatype: float64, format: 7.3f, description: Error of MagAp2}
# - {name: FluxAp2, unit: electron / s, datatype: float64, format: 10.4f, description: Flux of source based on the outer (larger) aperture}
# - {name: FluxErrAp2, unit: electron / s, datatype: float64, format: 10.4f, description: Error of FluxAp2}
# - {name: MSkyAp2, unit: electron / (pix s), datatype: float64, format: 7.3f, description: Sky estimate from an annulus outside Aperture
#     2}
# - {name: Bck, unit: electron / s, datatype: float32, format: 10.4f, description: Background at the position of the source centroid}
# - {name: Area, unit: pix2, datatype: float64, format: 8.3f, description: Total unmasked area of the source segment}
# - {name: FWHM, unit: pix, datatype: float64, format: 8.3f, description: Circularized FWHM of 2D Gaussian function having the same second-order
#     central moments as the source}
# - {name: MagSegment, unit: mag(AB), datatype: float64, format: 7.3f, description: Magnitude corresponding to FluxSegment}
# - {name: FluxSegment, unit: electron / s, datatype: float64, format: 10.4f, description: Sum of unmasked data values in the source segment}
# - {name: FluxSegmentErr, unit: electron / s, datatype: float32, format: 10.4f, description: 'Uncertainty of FluxSegment, propagated
#     from the input error array'}
# - {name: KronRadius, unit: pix, datatype: float64, format: 8.4f, description: The unscaled first-moment Kron radius}
# - {name: Xmin, unit: pix, datatype: int64, format: 8.0f, description: Minimum X pixel within the minimal bounding box containing the
#     source segment}
# - {name: Ymin, unit: pix, datatype: int64, format: 8.0f, description: Minimum Y pixel within the minimal bounding box containing the
#     source segment}
# - {name: Xmax, unit: pix, datatype: int64, format: 8.0f, description: Maximum X pixel within the minimal bounding box containing the
[...]
# - h12: [RA and Dec values in this table are in sky coordinates (i.e. coordinates at the epoch of observation]
# - h12.1: [and an undistorted a posteriori solution aligned by visit to GSC242).]
# - h13: [Magnitude values in this table are in the ABMAG system.]
# - h14: ['Column titles in this table ending with Ap1 refer to the inner photometric aperture ']
# - h14.1: ['(radius = 1.000000000000064 pixels, 0.05 arcsec.']
# - h15: ['Column titles in this table ending with Ap2 refer to the outer photometric aperture ']
# - h15.1: ['(radius = 3.000000000000192 pixels, 0.15 arcsec.']
# - h16: [CI = Concentration Index (CI) = MagAp1 - MagAp2.]
# - h17: ['Flag Value Identification:']
# - h17.1: ['    0 - Stellar Source (0.9 < CI < 1.23)']
# - h17.2: ['    1 - Extended Source (CI > 1.23)']
# - h17.3: ['    2 - Questionable Photometry (Single-Pixel Saturation)']
# - h17.4: ['    4 - Questionable Photometry (Multi-Pixel Saturation)']
# - h17.5: ['    8 - Faint Detection Limit']
# - h17.6: ['   16 - Hot pixels (CI < 0.9)']
# - h17.7: ['   32 - False Detection Swarm Around Saturated Source']
# - h17.8: ['   64 - False Detections Near Image Edge']
# - h17.9: ['  128 - Bleeding and Cosmic Rays']
# - h18: ['#=================================================================================================']
# schema: astropy-2.0
X-Centroid Y-Centroid RA DEC ID CI Flags MagAp1 MagErrAp1 FluxAp1 FluxErrAp1 MagAp2 MagErrAp2 FluxAp2 FluxErrAp2 MSkyAp2 Bck Area FWHM MagSegment FluxSegment FluxSegmentErr KronRadius Xmin Ymin Xmax Ymax X2 Y2 XY CXX CYY CXY Elongation Ellipticity Theta
[from data line 2603]
3736.1152039353456 2573.7832678419195 53.15154105882027 -27.79659305856805 2604 2.167607544757921 1 29.333151570877526 0.29731477772390935 0.03429777013035554 0.009392312703999626 27.165544026119605 0.12624510519599885 0.25252763020676383 0.029363891719949523 0.04112817726023882 0.037362136 67.0 6.890490807219406 25.892399958348093 0.8157677464187145 0.9034691 3.927274179724463 3730 2570 3743 2580 10.573835578373032 6.550544674468898 6.254911309154353 0.2173338822786238 0.3508185732677212 -0.4150507249955369 2.7563814778949682 0.6372055145415888 36.08583073297708
3727.4069432559513 2575.511770496756 53.15167778634172 -27.79656906322443 2605 2.0572168227857475 1 28.97969009786452 0.2174062818991157 0.04749528242618303 0.009510705314566513 26.922473275078772 0.10220814938883974 0.315890964327157 0.029738077620461184 0.045135851897713214 0.037362136 95.0 6.578022652334473 25.3465088247454 1.3487236835062504 1.161644 3.9612213939028713 3720 2570 3734 2581 7.975393924998494 7.631097462469293 2.048047172948369 0.13466679545922305 0.14074263206395576 -0.07228421628388758 1.3096289525950477 0.23642494462382924 42.59765393087824
3721.1873706711162 2578.154517015901 53.1517754412829 -27.796532366641664 2606 2.0268603200994946 1 29.11108529533565 0.36067863046029325 0.042081614688554786 0.013979864744796627 27.084224975236154 0.17441999702250108 0.27216766260363245 0.043724309570734685 0.0402549412362017 0.037362136 35.0 4.0079744900710494 26.612505463392992 0.4202660694718361 0.6484761 3.9546420783082654 3718 2575 3724 2582 2.5175916145318733 3.2762209997253966 0.4472865370084947 0.4070789802718451 0.3128173060579501 -0.11115303112336095 1.2278714632277983 0.18558250602939774 65.14955755202936
3726.6369749655755 2587.855346836926 53.15168989382008 -27.796397625691778 2607 2.1210655440194515 1 28.158799804079614 0.12916048457194082 0.1011594808830186 0.01203445479404685 26.037734260060162 0.0572003200894412 0.7135638000252118 0.03759425049800141 0.04662786795426223 0.037362136 176.0 8.07095634649094 24.348787809237834 3.3807370252907276 1.839027 3.849727222778836 3720 2580 3733 2596 8.760163149093792 14.73424690330664 1.814672260730904 0.11714172573057358 0.06964595039709347 -0.02885438823611863 1.3590686279025466 0.2642019840136387 74.3603491750813
3736.880772285808 2588.659332194474 53.1515290615578 -27.796386445540065 2608 2.302804609203079 1 29.0452576368844 0.22353532262523637 0.044711934346056165 0.009205762797498435 26.74245302768132 0.08390955005063833 0.3728595770339995 0.028816873299248612 0.04213607313909701 0.037362136 84.0 6.3216101180775155 25.489122585816474 1.1827078498899937 1.0878053 3.8792836321746615 3732 2581 3741 2594 3.8267571900449755 10.586759738890986 -1.5437194687572418 0.27764989551181696 0.10036108877222746 0.08097162111377149 1.768859175240035 0.43466387036475107 -77.72639885788857
2158.236216125622 2586.4090565784654 53.176314687046556 -27.79641761172359 2609 2.2532265103844935 9 29.22298457262761 0.5684246410182602 0.03796056647007551 0.01987447855632539 26.969758062243116 0.22297141747929253 0.30242889924512095 0.062110159667851855 0.04525144916180879 0.037362136 97.0 6.991800172700462 25.182096728407316 1.5692344084382057 1.2529732 3.96581416296738 2151 2579 2163 2591 9.84956049337906 7.782073532558694 0.1839716736862729 0.10157222301910596 0.12855722204217396 -0.004802424904025886 1.1271254738522478 0.112787330959492 5.045538728287197
2167.362445993493 2588.4318581653893 53.17617139669264 -27.796389530475818 2610 2.166244715856621 1 28.67676482429603 0.34268629278436324 0.0627798948457827 0.019815611518921823 26.510520108439408 0.14561569960374618 0.4616559850695514 0.06191798769656381 0.05332096441054507 0.037362136 114.0 7.114972901753405 24.646107456146254 2.570890214294195 1.6036587 3.840208292136758 2163 2579 2174 2593 6.3675973111720845 11.89073252571429 0.17880974461337465 0.15711145149767516 0.08413463627640075 -0.0047252023300302795 1.3674749699529813 0.26872518914596033 88.14765312961573
2174.5009048080738 2589.338808170196 53.176059317346485 -27.796376944184164 2611 -9999.0 24 -9999.0 -9999.0 -0.007594379911429999 0.023914332120398462 28.580030907899406 1.1840760086700752 0.06863002395742912 0.07484863667904974 0.05443064609933579 0.037362136 79.0 6.949443505765314 25.28085907726156 1.4327911250293255 1.1972332 3.860001069526292 2170 2581 2180 2594 5.132072092519219 12.286582413443611 0.06660859768451623 0.19486678064702434 0.08139532484016146 -0.0021128418883988704 1.5474134643119843 0.3537603083707024 89.46663707332733
2160.7013092472425 2598.5685312013575 53.17627596371022 -27.796248733722162 2612 2.4155405687932685 1 28.700436902772253 0.33478372235684545 0.06142593170353672 0.018941145864370807 26.284896333978985 0.11308760007610753 0.5682873385467189 0.05919337871408941 0.06304759644482233 0.037362136 274.0 11.077730649705948 23.306823017159125 8.826678469777107 2.971309 3.7885570597975815 2146 2584 2169 2608 23.61778306163872 20.642700061260527 9.244173949961986 0.05133977563988486 0.05873900603591693 -0.04598175773117696 1.5705884324305273 0.363295960067353 40.42926060894164
2177.6737325202876 2603.8938785483733 53.17600947875235 -27.796174794955967 2613 2.0492171763315525 1 27.522083385514556 0.1506327078256481 0.1818415645840086 0.025229149183514495 25.472866209183003 0.07134004554793791 1.200549386028548 0.0788866610314318 0.06655441855804789 0.037362136 503.0 13.541661357858487 22.730946664605938 15.00195463374257 3.8737092 3.728973292295728 2168 2588 2193 2621 19.656327551688786 46.48279754104428 -7.172012733215929 0.05390914150003619 0.022796729100036967 0.01663570480815396 1.6441859415529094 0.39179628366392993 -75.93336519164698
2147.5736886149325 2602.7581089611144 53.176482067602755 -27.7961905259294 2614 2.1340753616482218 1 27.82020490333901 0.13094350326083973 0.13817979763399452 0.01666551237180541 25.68612954169079 0.05731431118797384 0.9864491364929495 0.052074839071626584 0.05519215744815181 0.037362136 268.0 10.378139904012055 23.621338468764165 6.606799483299255 2.5707495 3.7926734812057803 2139 2588 2157 2614 11.343562558621647 27.503088949157465 2.3859221921201965 0.08979416352993078 0.03703532040651295 -0.015579478209519083 1.5912095821067866 0.37154727369352303 81.77416867890302
2169.7466959245576 2605.5491523234396 53.17613393482462 -27.796151793715865 2615 -9999.0 24 30.706712692040142 3.6801976868731723 0.009679243975363183 0.03280973684149643 -9999.0 -9999.0 -0.1368152251167647 0.10257574914057666 0.08074100704857223 0.037362136 27.0 3.468021521647842 25.635930044965725 1.0331288650631905 1.0165263 3.5 2167 2602 2172 2609 1.7470788391734224 2.5908069706255503 0.3936114497161755 0.5926702284950757 0.39965988456554785 -0.18008426755563173 1.3133378323852216 0.23858128857534877 68.49212571093398
2163.7907525885566 2612.01543646015 53.176227435762016 -27.79606197563284 2616 2.6526909070496885 9 29.682557757617097 0.9993857382151531 0.024860130873444408 0.022883725011589348 27.02986685056741 0.2713102440623519 0.2861407910369629 0.07150495335031115 0.06002524726525102 0.037362136 127.0 7.361805271453046 24.354662278705604 3.3624946512281895 1.8339632 3.7404929138692675 2159 2606 2169 2620 7.236698749349667 12.310440146538413 -0.07846066068394204 0.13819410497675522 0.08123747768141272 0.0017615618369503903 1.3044407007638186 0.23338791911778944 -89.11425675694818
2154.2582863795915 2613.336070829636 53.17637709829341 -27.79604361961964 2617 2.0122925296257677 1 28.438595615411096 0.30540642670241963 0.07817866814307295 0.021991588543732336 26.426303085785328 0.14964495754391052 0.49889055200161203 0.06876342956004358 0.05473447503108117 0.037362136 121.0 7.121927135709549 24.5376423875936 2.8409890420734882 1.685785 3.8524964287090486 2147 2607 2161 2623 8.850444083165875 9.443594884640854 -0.20988355848537002 0.11304826308107152 0.10594771835514831 0.005024987205801331 1.0405422309791377 0.03896260024063403 -72.35666228015138
2182.3090642940524 2621.0992966842014 53.175936674047314 -27.795935837394737 2618 2.1437070135356393 1 29.59004599703863 0.4141855028458457 0.027071237863466574 0.010327451659887077 27.44633898350299 0.18016992315517064 0.1949803834998176 0.032356636927261526 0.038787111449633205 0.037362136 12.0 2.9780050637052744 27.77906922610724 0.14351550489664078 0.37894985 3.961163587274619 2179 2620 2184 2623 2.356809994237626 0.8418303552369265 -0.45928980786695817 0.47478229968178315 1.329212782618446 0.5180679690223493 1.866344728762561 0.46419330545486737 -15.61487286263763
3111.253431065429 2625.869218495068 53.16135177825053 -27.795870135938422 2619 1.5770870167934277 1 26.84745961663979 0.024725038266906516 0.3384875247347693 0.007708498666240799 25.27037259984636 0.018093440512925777 1.4466966430474726 0.024109532698930514 0.04037275820501618 0.037362136 123.0 6.609867268811883 24.471584407858586 3.0192060321569443 1.7378442 3.736045264286088 3105 2619 3118 2633 7.41024809586421 8.34771303297436 -4.741792899544983 0.21201066173615213 0.18820143867277314 0.24085893860443805 2.0150026289452327 0.5037227318539743 -47.82271132122774
3112.928391663812 2649.7700860021923 53.1613254869652 -27.79553817905166 2620 2.1526322701266594 1 27.807030148430627 0.14970289336998072 0.13986674057192605 0.01928567352845703 25.654397878303968 0.06442347927383119 1.0157044667161466 0.06027007060866299 0.038466632162054926 0.037362136 306.0 13.94511909590839 23.662546811094202 6.360742129385471 2.5224934 3.808869905617318 3106 2633 3120 2667 8.367192340539551 61.77171612402818 14.026789163656241 0.19297328401682268 0.026138897949870142 -0.08763867151391719 3.6459651756804656 0.7257242042051691 76.14345054083711
3401.8973358707535 2639.3615836720023 53.15678853593315 -27.795682598715842 2621 2.5042973509916138 1 27.668023165686385 0.13888095925683744 0.15897075886015222 0.020335278147080527 25.16372581469477 0.04328385910033973 1.5960121301006096 0.06362859368306886 0.052801176273780656 0.037362136 576.0 13.615566057156709 22.813076662161123 13.908998131752014 3.73004 3.7447687292207195 3386 2625 3418 2658 33.210498175764386 33.65251600653359 15.327980284315666 0.038125825094531565 0.037625051407913335 -0.03473094821550864 1.6412478777058725 0.390707513725596 45.413035521740866
3402.91973652074 2656.5504871420117 53.156772498384804 -27.79544386318 2622 2.1113670649624012 9 30.02894868562921 0.49991250503062457 0.018069537612820846 0.008320150882168519 27.91758162066681 0.2235568502897816 0.12632632594978643 0.026011896046803495 0.04131084030887247 0.037362136 16.0 3.402295163670014 27.665032150823542 0.159409299492836 0.399407 3.953397484979226 3401 2654 3405 2660 1.4665649712173647 2.708454673016503 1.318494673349021 1.2125436993472143 0.6565641039701865 -1.1805495027994344 2.371878918073653 0.5783933183182213 57.60904161449006
3411.5414521315797 2656.5226323459415 53.15663713367183 -27.79544424349719 2623 1.6084019934713751 9 29.669596893153013 0.3538353428409566 0.02515867450492082 0.008199344403493314 28.061194899681638 0.25129946606327064 0.11067475105629998 0.025617118768659464 0.043077855503984866 0.037362136 22.0 4.138259995971383 27.22875461036474 0.23824547976255417 0.48826826 3.9080101500221005 3407 2654 3415 2660 3.714430341657109 2.4621784199996966 -2.2517168543212933 0.6041619762043784 0.9114358071944032 1.1050390934379375 2.6875275190238845 0.6279107868025842 -37.23027885336374
3273.874396529612 2666.450807318649 53.15879857227355 -27.7953064410814 2624 1.98472042935407 1 29.796772525234744 0.28081149645366943 0.022377805951697888 0.005787920398495084 27.812052095880674 0.1410747349218988 0.139221296976332 0.01809027131474531 0.04106431652846203 0.037362136 41.0 6.478298099925666 26.597388028747503 0.426158644258976 0.6530372 3.9580515323466927 3268 2662 3278 2671 9.246364739967705 5.890516520083439 5.011376682930617 0.20068557315927943 0.3150168582251741 -0.3414678487029296 2.3724371248881453 0.57849251745833 35.74413487767005
3281.7846358698403 2673.5804905569144 53.15867438256077 -27.795207413506585 2625 2.162677964409589 1 29.76973251315703 0.31690649449356123 0.022942117958695246 0.0066966069619120265 27.607054548747442 0.13526934460421172 0.1681530287421804 0.020950492761506786 0.04286679895725888 0.037362136 37.0 4.267904180936104 26.60535737792989 0.42304207384586334 0.6506242 3.904356061747201 3278 2670 3285 2677 3.369441614390229 3.200233127320921 1.4850914491210823 0.37309616528570927 0.3928231773962942 -0.34627597598148924 1.6294861303792312 0.38630959702168843 43.369719195099684
3301.0248935956092 2689.4166459158623 53.15837231302756 -27.79498745623343 2626 1.6219539234490483 1 21.286009323136668 0.003411186259219101 56.770508517128775 0.17836859038639644 19.66405539968762 0.002392948920772039 252.87410214736747 0.5573499215480715 0.02506017255193138 0.037362136 1266.0 7.777082181514888 19.316081070341937 348.41278697550297 18.666067 3.5 3278 2669 3329 2712 11.301960847703521 10.512672809601536 0.5761097303919382 0.08872808049619799 0.09538975577590772 -0.009724855221627759 1.0662101801838468 0.06209861940394368 27.794128652428032
3316.2553949001276 2671.4566418416566 53.15813317637293 -27.795236891817634 2627 1.9936234703183118 1 28.873529363685705 0.2945938794369474 0.0523738823354518 0.014211131231808933 26.879905893367393 0.1467324977433414 0.3285217717146396 0.04439976063991607 0.03891575592411618 0.037362136 134.0 13.53569829598453 24.977687603152702 1.894311834126711 1.3766949 3.940007652246687 3309 2655 3330 2680 27.9341872943643 38.14670198080803 -28.658716375717603 0.15616287946406088 0.11435544612928841 0.23464296720736313 3.976537667465717 0.748524952201117 -50.05132003134643
3283.740422695223 2711.5380280464674 53.15864369913775 -27.794680224435368 2628 2.2528466216539584 1 29.498617370326343 0.2657352107203593 0.029449611200713544 0.007208067272777256 27.245770748672385 0.10428788899794784 0.2345406984830587 0.022529017526851228 0.041476796877240804 0.037362136 75.0 7.5065107336599945 25.755848929189455 0.925096295773983 0.9621035 3.9339052203326097 3275 2705 3289 2720 10.582289259414495 9.740848803786355 -6.093456913314906 0.1476999246350471 0.1604586373904332 0.18478946650186773 2.0033960827734214 0.5008475814649492 -43.02515238338406
5250.128555188375 2676.6797260219155 53.12777061158323 -27.79515987231469 2629 1.8602169360371903 1 27.975077404305523 0.06884170493557483 0.11981068520512461 0.007596916126941355 26.114860468268333 0.038852070795887726 0.6646336511945501 0.023784096591636737 0.0404825635975407 0.037362136 87.0 6.19128487843488 25.158731285259577 1.6033709086477757 1.2664933 3.8509053583227133 5243 2673 5257 2681 10.289740921148296 3.5356087019182802 -2.0480994062734488 0.10985000217200536 0.31969829181725956 0.12726732124262166 1.9146458435764424 0.47771019723832553 -15.617840234983264
5239.580698619515 2678.999972403032 53.12793622755821 -27.795127689095708 2630 1.9579978958901094 1 28.037606746399327 0.07327756887630435 0.11310552373749352 0.00763387474068772 26.079608850509217 0.03779935572069361 0.6865670763927636 0.023903281888815228 0.040743569796569915 0.037362136 85.0 5.911571337835727 25.227481673200913 1.5049907974898815 1.2270333 3.8566400173010735 5233 2675 5244 2687 7.270336394161605 5.334012531448215 0.20938044983043755 0.13770088580999276 0.18768830326329752 -0.010810575806846842 1.1717387904719267 0.14656747038540696 6.101595202405553
