606fw/HST/hst_10086_87_acs_wfc_f606w_j8wc87/hst_10086_87_acs_wfc_f606w_j8wc87_point-cat.ecsv
# %ECSV 1.0
# ---
# datatype:
# - {name: X-Center, unit: pix, datatype: float64, format: 10.3f, description: Pixel Coordinate}
# - {name: Y-Center, unit: pix, datatype: float64, format: 10.3f, description: Pixel Coordinate}
# - {name: RA, unit: deg, datatype: float64, format: 13.7f, description: Sky coordinate at epoch of observation}
# - {name: DEC, unit: deg, datatype: float64, format: 13.7f, description: Sky coordinate at epoch of observation}
# - {name: ID, unit: '', datatype: int64, format: 7d, description: Catalog Object Identification Number}
# - {name: MagAp1, unit: mag(AB), datatype: float64, format: 7.3f, description: ABMAG of source based on the inner (smaller) aperture}
# - {name: MagErrAp1, unit: mag(AB), datatype: float64, format: 7.3f, description: Error of MagAp1}
# - {name: FluxAp1, unit: electron / s, datatype: float64, format: 10.4f, description: Flux of source based on the outer (smaller) aperture}
# - {name: FluxErrAp1, unit: electron / s, datatype: float64, format: 10.4f, description: Flux of source based on the outer (smaller)
#     aperture}
# - {name: MagAp2, unit: mag(AB), datatype: float64, format: 7.3f, description: ABMAG of source based on the outer (larger) aperture}
# - {name: MagErrAp2, unit: mag(AB), datatype: float64, format: 7.3f, description: Error of MagAp2}
# - {name: MSkyAp2, unit: electron / (pix s), datatype: float64, format: 7.3f, description: Sky estimate from an annulus outside Aperture
#     2}
# - {name: StdevAp2, unit: electron / (pix s), datatype: float64, format: 7.3f, description: Standard deviation of sky estimate from annulus
#     outside Aperture 2}
# - {name: FluxAp2, unit: electron / s, datatype: float64, format: 10.4f, description: Flux of source based on the outer (larger) aperture}
# - {name: FluxErrAp2, unit: electron / s, datatype: float64, format: 10.4f, description: Flux of source based on the outer (larger) aperture}
# - {name: CI, unit: mag(AB), datatype: float64, format: 7.3f, description: Concentration Index}
# - {name: Flags, unit: '', datatype: int64, format: 5d, description: Numeric encoding for conditions on detected sources}
# meta: !!omap
# - h00: [' #==================================================================================================']
# - h01: [' # All refereed publications based on data obtained from the HAP must carry the following footnote: ']
# - h02: [' #                                                                                                  ']
# - h03: [' #     Based on observations made with the NASA/ESA Hubble Space Telescope                          ']
# - h04: [' #     and obtained from the Hubble Advanced Products collection generated                          ']
# - h05: [' #     by the Space Telescope Science Institute (STScI/NASA).                                       ']
# - h06: [' #                                                                                                  ']
# - h07: [' # One copy of each paper resulting from data obtained from the HAP should be sent to the STScI.    ']
# - h08: [' #==================================================================================================']
# - {WCSNAME: IDC_4bb1536oj-FIT_SVM_GSC242}
# - {WCSTYPE: undistorted a posteriori solution aligned by visit to GSC242}
# - {Proposal ID: 10086}
[...]
# - h10.4: ['the selected aperture. For details, see Whitmore et al., 2016 AJ, 151, 134W.']
# - h10.5: [' ']
# - h11: ['The X and Y coordinates in this table are 0-indexed (i.e. the origin is (0,0)).']
# - h12: [RA and Dec values in this table are in sky coordinates (i.e. coordinates at the epoch of observation]
# - h12.1: [and an undistorted a posteriori solution aligned by visit to GSC242).]
# - h13: [Magnitude values in this table are in the ABMAG system.]
# - h14: ['Column titles in this table ending with Ap1 refer to the inner photometric aperture ']
# - h14.1: ['(radius = 1.000000000000064 pixels, 0.05 arcsec.']
# - h15: ['Column titles in this table ending with Ap2 refer to the outer photometric aperture ']
# - h15.1: ['(radius = 3.000000000000192 pixels, 0.15 arcsec.']
# - h16: [CI = Concentration Index (CI) = MagAp1 - MagAp2.]
# - h17: ['Flag Value Identification:']
# - h17.1: ['    0 - Stellar Source (0.9 < CI < 1.23)']
# - h17.2: ['    1 - Extended Source (CI > 1.23)']
# - h17.3: ['    2 - Questionable Photometry (Single-Pixel Saturation)']
# - h17.4: ['    4 - Questionable Photometry (Multi-Pixel Saturation)']
# - h17.5: ['    8 - Faint Detection Limit']
# - h17.6: ['   16 - Hot pixels (CI < 0.9)']
# - h17.7: ['   32 - False Detection Swarm Around Saturated Source']
# - h17.8: ['   64 - False Detections Near Image Edge']
# - h17.9: ['  128 - Bleeding and Cosmic Rays']
# - h18: ['#=================================================================================================']
# schema: astropy-2.0
X-Center Y-Center RA DEC ID MagAp1 MagErrAp1 FluxAp1 FluxErrAp1 MagAp2 MagErrAp2 MSkyAp2 StdevAp2 FluxAp2 FluxErrAp2 CI Flags
[from data line 646]
2232.398142341607 2391.1565889724943 53.17482591424278 -27.800012422517156 647 30.56013148500811 0.40119641396501676 0.023899318807211745 0.008831464494482853 29.207110656863318 0.36044826136128344 0.07678956247992436 0.004956099535193597 0.08309862808336188 0.02758842775550862 1.3530208281447926 9
2244.6944316972003 2391.946568721865 53.174632847857175 -27.800001466961632 648 30.308905389183312 0.33909272731053264 0.03012145600876795 0.009407724664803678 28.82605647811854 0.2702818344602875 0.07927813617562926 0.005279608254114821 0.11803628310465974 0.029384786893618193 1.482848911064771 9
4741.419277977872 2392.04260453217 53.13543153910491 -27.79999790016552 649 28.879874807527454 0.0594288995653028 0.1123280432594187 0.006148597219518266 27.265390125857447 0.04198807974669459 0.06531606865502715 0.0034501127399745855 0.4969149537712221 0.019217559828931682 1.6144846816700067 1
2953.6238417937752 2394.551069443212 53.163501880565036 -27.79996578419885 650 29.24469455515467 0.08281505315517057 0.0802712996443706 0.006122936305501681 27.721116690966067 0.06359569120518176 0.0671850888907504 0.0034358986757417414 0.32658139531182195 0.019129749995033637 1.5235778641886029 1
2233.2513369740764 2394.683007274317 53.1748125128048 -27.79996344563281 651 33.22882058280122 5.539243831113436 0.002046020041580443 0.010438798833617872 34.571643657258704 59.62739614148096 0.08016097264951222 0.005857864034692292 0.0005939920791133702 0.03262245648539635 -1.3428230744574847 8
2237.335034466303 2396.111765262189 53.17474839215684 -27.79994360723785 652 31.484793105724304 1.2717937858413455 0.010198137761001758 0.011946143715203101 29.590486830292225 0.69395704540654 0.08117185935780807 0.006704257584687719 0.058377216641938734 0.03731351273823091 1.8943062754320792 9
4256.981972883885 2395.846464538534 53.143037743010275 -27.799946367244896 653 29.125367312932614 0.0736222346574038 0.08959653027074158 0.006075616446607459 27.410877974987397 0.047445353132830353 0.06678185768682382 0.0034090920022031967 0.4345972026677647 0.01899200308659145 1.714489337945217 1
4135.372945598206 2397.084832244916 53.14494713945921 -27.799929428236695 654 28.978149288262745 0.06112900127680303 0.10260733343777734 0.005777179530926816 27.389662967564764 0.04424778777545532 0.06670011257733441 0.0032415465739370746 0.44317262869654006 0.01806153488298348 1.5884863206979816 1
2244.0488823765154 2397.851844249174 53.174642974859346 -27.79991944839586 655 30.174964813542612 0.38102192923305395 0.03407628102505195 0.01195893003339136 28.21584616857645 0.19596065379367922 0.07873619853021346 0.006710950957110508 0.20706163986768233 0.03737306283877902 1.9591186449661606 1
2249.1174184163015 2398.0961142299325 53.17456339299946 -27.79991606243892 656 31.504894785177637 1.2072941246130493 0.01001106318715217 0.01113226284146523 31.419783400480352 3.485740273478664 0.08131427297856184 0.006247701405740998 0.010827414336864738 0.03476241522671981 0.08511138469728508 8
2252.946950564872 2398.2158217549963 53.174503265028335 -27.799914404852498 657 -9999.0 -9999.0 -0.0014886076551924865 0.011377049814911128 -9999.0 -9999.0 0.07995468203206452 0.006384635716540756 -0.025610427366734356 0.035545221803495446 -9999.0 24
2069.2450357156986 2397.1992524348516 53.177387585467876 -27.799928253830167 658 30.57861666032498 0.2847216746062955 0.02349586577229948 0.00616172262044197 28.791134621576713 0.171465717885785 0.06652364413551734 0.00345766733567509 0.12189454426450097 0.019250930771551305 1.7874820387482657 1
2218.4130416026715 2400.4901403537824 53.175045481202886 -27.799882770903093 659 31.572578499432108 1.1198381291948658 0.009406037737648476 0.009701795802951621 31.5054074910768 3.2875229146769134 0.07689199676919065 0.00544474856869784 0.010006336883070954 0.03029940296128997 0.06717100835530943 8
2253.627800150772 2402.896424848931 53.174492568046816 -27.799849397368256 660 31.629256110001773 1.48356456927916 0.00892761950993215 0.012199226299107224 30.425286225726932 1.5300341253950398 0.08002301511065713 0.006845551779949679 0.027059740429575818 0.03813422334123868 1.2039698842748408 8
3722.1015984346714 2404.3795970974707 53.15143595773399 -27.799828801285567 661 28.968691907627207 0.05809118294899121 0.1035050056860326 0.005538112021224735 27.61066546086472 0.051985170260664626 0.06683422244828321 0.0031074387986030536 0.36155296902970013 0.01731177365133809 1.3580264467624872 1
2180.660034884329 2405.4416172975925 53.17563823600149 -27.79981394747267 662 29.975839712730913 0.23648974546552637 0.040935700970162 0.008916711340965746 28.436389519920755 0.17894785063969781 0.07176837905988856 0.005003942759283666 0.1689982893717814 0.02785473026145894 1.5394501928101576 1
2223.0913749300676 2406.254209832742 53.17497201747608 -27.799802720767612 663 30.530335521319966 0.8542987108372042 0.024564272588262326 0.019328752330115294 28.795268500679146 0.5399980901277518 0.0794550331989653 0.010846992475904638 0.12143132010092383 0.06039668502918904 1.7350670206408196 9
2264.8766227107935 2406.6057298521355 53.17431594409108 -27.799797893820926 664 31.41383349714523 1.2286698146635764 0.010886912131808146 0.012320549241270474 29.871981757238427 0.9279046615162968 0.0770476703045718 0.0069140139197037855 0.04504487786523015 0.03849806774300388 1.5418517399068037 9
4341.470181393312 2405.4463682231863 53.141711212586046 -27.799812838794193 665 28.830565103548007 0.05027009764959295 0.11754714223817483 0.0054426695392315 27.398743438936126 0.04201332235911746 0.06669256131803622 0.0030540424451539665 0.43948164459448513 0.017006616934017862 1.4318216646118813 1
2236.28649978289 2405.685079580681 53.17476484082852 -27.799810643144117 666 30.103460521835625 0.5742897370477301 0.036396021077956475 0.019251967739194315 27.79163897510777 0.2134939084369402 0.08647239254466418 0.010803308669021674 0.3060430535973353 0.06018083048951928 2.311821546727856 1
2260.307215710163 2406.4255856872983 53.174387688905874 -27.799800389929413 667 30.543775727578062 0.5300312324899141 0.024262068556974714 0.011844574099666666 31.4456328424556 3.7991172357427185 0.08097272909976341 0.0066472535008042215 0.01057267736767864 0.03699626122823512 -0.9018571148775365 8
2254.6440388281285 2407.5672657785153 53.174476605127595 -27.799784525906205 668 31.213987054810662 1.0219166342094634 0.013087096195931291 0.012318247486526275 31.020534825701052 2.6738372240558315 0.08303940425523454 0.00691208569002485 0.01563954760399877 0.038516721516961505 0.19345222910961013 8
2799.2833754261387 2408.1768643946443 53.16592518872592 -27.799776506156633 669 29.119037043274783 0.07941741544474862 0.09012043914047524 0.006592182329632776 27.318197487127204 0.04723599518499722 0.06642377293210919 0.0036993259388191633 0.4733246492658443 0.020593129643236546 1.8008395561475794 1
2249.0982776290434 2408.5759710720636 53.17456367797012 -27.799770508852465 670 30.104088200889993 0.4163554314415407 0.036374986117756414 0.013949454765348184 28.07897448735748 0.20158593276421197 0.0856830968318513 0.007827579898315092 0.23488123495110624 0.04361126723443748 2.0251137135325123 1
2109.3759649023673 2410.6233500859566 53.176757462745 -27.799741872144413 671 22.188547082988666 0.0008437533388094221 53.335857698443235 0.04145003961621598 21.03471888004154 0.000916336399012281 0.08543233837433686 0.023242343374156274 154.36561396147425 0.13028537425511394 1.1538282029471247 0
3709.57584819743 2411.4805146136973 53.15163263565679 -27.799730193590854 672 29.78016278126884 0.16716361881210626 0.04901996582002163 0.007547531436419429 27.919593790188014 0.09423081175307445 0.06811872127286181 0.004234727737578068 0.2720198523391546 0.023609331766482437 1.8605689910808252 1
2218.500161276163 2412.2164642018524 53.1750440951993 -27.799719905420154 673 28.732442608349853 0.12494210190481035 0.1286651922521282 0.01480676021181488 27.149559257911367 0.09096960612299383 0.0821148932085071 0.00830787590092216 0.5528590376397244 0.0463234492913541 1.582883350438486 1
2257.0769775718427 2410.784360139076 53.17443840068039 -27.79973984720899 674 31.502811575009215 1.3307403661660155 0.010030289928236902 0.012294106743900959 30.80079447749714 2.1776163761255316 0.0839966902540902 0.00689942248524407 0.019147863621430616 0.03840536187698778 0.7020170975120763 8
2199.8927965525736 2414.913541783845 53.17533624614008 -27.79968242024723 675 32.42082189838011 1.9514622195595066 0.004306350326278768 0.007740333394050631 -9999.0 -9999.0 0.07893637922786226 0.004343948976228464 -0.010009530158782809 0.024170478708648125 -9999.0 24
5107.9258496447455 2412.5493940019337 53.129677073848754 -27.799711824526526 676 28.16205325471162 0.02939434809946118 0.21757891900295956 0.005890752955952346 26.621123147835096 0.022223565298176942 0.06771068515646497 0.0033054060904749503 0.8994745037567375 0.018411651808310912 1.540930106876523 1
2188.9340537113403 2413.094923478141 53.175508312797625 -27.799707663372736 677 30.270009413333018 0.29421106994922913 0.03122010441885939 0.008460256355346115 28.451245117816622 0.17214887762270786 0.07498587341028817 0.004747680268629962 0.16670171564349046 0.026432267887820465 1.8187642955163952 1
1771.3125772622411 2415.2172657932747 53.18206540342043 -27.79967743834808 678 29.50803825561275 0.10562891408046551 0.0629829233252531 0.00612767596615981 27.955339715759063 0.07896833042946831 0.0660063007048198 0.00343855879204754 0.26320990613437245 0.019144558202015712 1.5526985398536866 1
2123.8266690430028 2414.8671116628097 53.17653056406855 -27.799682953397777 679 28.572125592431757 0.0895371375591202 0.14913785058558524 0.012299324162432587 26.84481235408833 0.05737902611051034 0.07024078893661498 0.006895814044609624 0.7320035292793505 0.03868623894216226 1.7273132383434273 1
3709.4315130428345 2415.3389413683517 53.151634907445704 -27.799676604517 680 29.31737871090454 0.10372745816862443 0.07507349458437193 0.0071724995570349925 27.505829390284358 0.06109762519853492 0.06889728423790867 0.004024954825150259 0.3982046805640589 0.0224089162065075 1.8115493206201805 1
2265.8611617942443 2417.6451723672462 53.17430046976001 -27.799644569501478 681 29.867174969661253 0.4086205728066925 0.045244743319969444 0.01702858333968655 28.072619551455812 0.24442005537722022 0.07915297789952239 0.009556664327270108 0.23626005243969006 0.053188445335483094 1.7945554182054408 9
2202.3273951438723 2418.272221364973 53.175298015090746 -27.799635775327555 682 32.01140499573256 1.2457190940054268 0.006278792318907295 0.007204210628126949 31.31639873664454 2.051687240449582 0.07897100279391822 0.00404282458097584 0.011909091223051949 0.02250504790244615 0.6950062590880215 8
2254.1303643436954 2420.4177345523754 53.174484651412016 -27.799606046510295 683 30.999687023040988 1.2121845369208355 0.015942752623136935 0.01780009045382765 28.22533089385666 0.2941564280151045 0.0897759669492034 0.009989296595828047 0.20526067798372782 0.05561273634305238 2.7743561291843264 9
4371.820821273214 2418.863208583586 53.14123471244112 -27.799626420136462 684 27.98637059887464 0.02412491598382153 0.2557937195048984 0.005683892412494136 26.251411306542945 0.01525470475338751 0.06556625812733705 0.0031893115608642554 1.2643682861177663 0.017765096163095795 1.7349592923316948 1
2208.487325896279 2419.4796240089718 53.17520129587801 -27.79961901441752 685 31.00150763624791 0.6439300317151231 0.015916041472011644 0.009439824159391794 -9999.0 -9999.0 0.08055520275620376 0.005297434516873162 -0.006371521568656835 0.029492738587132406 -9999.0 24
2252.0956878371762 2419.091254519753 53.174516599903036 -27.799624467184774 686 -9999.0 -9999.0 -0.002769887122482606 0.017495773706756215 -9999.0 -9999.0 0.09355150195785644 0.00981903689909854 -0.042787287932410045 0.05464065161194527 -9999.0 24
4754.379706181112 2420.6425357382004 53.13522814753105 -27.79960063849305 687 29.307607674206462 0.10887503929017879 0.0757521645493216 0.007596499854124967 27.707248215671154 0.07796214243277315 0.064277764590871 0.004262447746375664 0.3307796857995988 0.02375268764684192 1.6003594585353085 1
1974.0808423366584 2418.9179218945524 53.17888172206998 -27.799626442216727 688 29.674377830869926 0.12586089771549763 0.054036471718343415 0.0062642339871500415 28.236533873566497 0.10462070161688372 0.06802557684379082 0.003515074039836588 0.2031536208145437 0.019576378691745337 1.4378439573034285 1
2196.1294822542723 2420.4115786352017 53.175395325367596 -27.799606053342178 689 30.960036759015384 0.5802890821898996 0.016535731545939958 0.008838080945134077 33.32747836602002 16.04619520469703 0.07904901679884008 0.00495972401779193 0.0018683006727986395 0.02761270820373378 -2.3674416070046327 8
4999.716575976404 2420.6799337667644 53.13137610559706 -27.79959929694915 690 27.991219630996856 0.032769433911205084 0.25465386039979837 0.007686159020543831 26.26763537906476 0.02094761125772496 0.06526790551530817 0.004312761561362028 1.2456153886525427 0.024033035772435714 1.7235842519320954 1
4747.696073928734 2421.50200312706 53.1353330904917 -27.79958872234956 691 29.64058924010565 0.1429557023320295 0.05574455084860819 0.007339966305375623 27.987169474345006 0.09759321289700468 0.06523600537329913 0.0041178543530112355 0.25560557788540406 0.022976300617327205 1.6534197657606455 1
2191.94679816685 2421.8055012795135 53.17546099561192 -27.79958668740243 692 31.172000657134472 0.8201049302342645 0.013603098843149308 0.010275369280400447 30.83531792960539 1.8783581114390133 0.0766554849617409 0.0057666648526854426 0.018548591842035833 0.03209072298264669 0.33668272752908024 8
1430.1723013367937 2424.255257426393 53.18742163396808 -27.79955106991229 693 29.109512744089475 0.07077925571240426 0.09091447160832233 0.005926921464422551 27.33167946945115 0.04299968218265189 0.06618758232916816 0.0033259453893535046 0.4674835451308348 0.018514915599378554 1.7778332746383256 1
1448.289463644449 2424.7559891780697 53.18713717437836 -27.79954416515148 694 28.921796530070015 0.06668719460673582 0.10807357169195547 0.006638227233366905 27.525772552825227 0.057579726674024036 0.06596258428652543 0.0037252349258493447 0.39095709181346505 0.02073427511088757 1.3960239772447878 1
2195.2071092239016 2423.7294498101774 53.17540980229481 -27.799559970500777 695 31.968957775657923 1.5527910156739788 0.00652912534722469 0.009338092640121346 -9999.0 -9999.0 0.07858542685440723 0.005240712722274774 -0.02110228175302442 0.029159784618624448 -9999.0 24
3719.86719484351 2424.9412091616114 53.15147107039641 -27.799543226253842 696 29.588176833508623 0.14362515839790657 0.05850155139065499 0.007739057368523619 27.967580506739903 0.10086549038012561 0.06749365689093564 0.00434292458621327 0.2602590941789731 0.024179019213640428 1.6205963267687196 1
5050.083164262774 2424.8607672596586 53.13058531549724 -27.799541047830097 697 29.774384779221332 0.1231483529414766 0.049281532541215256 0.005589886306422068 28.0910796319307 0.08166353019522668 0.06678001802811509 0.003136553071432211 0.232277029744826 0.01747127404644392 1.683305147290632 1
2200.044928305108 2425.7352454349534 53.175333840379416 -27.79953211902713 698 31.599557903125717 0.9012277346115327 0.009175187654080097 0.007616223251471223 29.793231717029006 0.533401988596509 0.07925885446927175 0.004273986509205925 0.048433452685833434 0.02379524728490235 1.8063261860967117 9
2212.3163560568 2426.459414791458 53.17514116525147 -27.79952207817634 699 31.82359399909465 1.6883842679591041 0.007464496469534843 0.01160812232421378 28.96777830549342 0.38050874043966 0.0841778110113594 0.006513353438713346 0.10359213752337215 0.03630626671131102 2.8558156936012296 9
3827.5125218743474 2428.193758878868 53.14978093367735 -27.79949790206024 700 28.970138256634012 0.05906468028392242 0.1033672146715629 0.00562342404569903 27.53274031710865 0.04910409458832478 0.06587992730189343 0.0031555472365700538 0.38845613945857793 0.017569113949884398 1.4373979395253613 1
