606fw/HST/hst_10086_87_acs_wfc_f606w_j8wc87/hst_10086_87_acs_wfc_f606w_j8wc87_segment-cat.ecsv
# %ECSV 1.0
# ---
# datatype:
# - {name: X-Centroid, unit: pix, datatype: float64, format: 10.3f, description: Pixel Coordinate}
# - {name: Y-Centroid, unit: pix, datatype: float64, format: 10.3f, description: Pixel Coordinate}
# - {name: RA, unit: deg, datatype: float64, format: 13.7f, description: Sky coordinate at epoch of observation}
# - {name: DEC, unit: deg, datatype: float64, format: 13.7f, description: Sky coordinate at epoch of observation}
# - {name: ID, unit: '', datatype: int32, format: 7d, description: Catalog Object Identification Number}
# - {name: CI, unit: mag(AB), datatype: float64, format: 7.3f, description: Concentration Index}
# - {name: Flags, unit: '', datatype: int32, format: 5d, description: Numeric encoding for conditions on detected sources}
# - {name: MagAp1, unit: mag(AB), datatype: float64, format: 7.3f, description: ABMAG of source based on the inner (smaller) aperture}
# - {name: MagErrAp1, unit: mag(AB), datatype: float64, format: 7.3f, description: Error of MagAp1}
# - {name: FluxAp1, unit: electron / s, datatype: float64, format: 10.4f, description: Flux of source based on the inner (smaller) aperture}
# - {name: FluxErrAp1, unit: electron / s, datatype: float64, format: 10.4f, description: Error of FluxAp1}
# - {name: MagAp2, unit: mag(AB), datatype: float64, format: 7.3f, description: ABMAG of source based on the outer (larger) aperture}
# - {name: MagErrAp2, unit: mag(AB), datatype: float64, format: 7.3f, description: Error of MagAp2}
# - {name: FluxAp2, unit: electron / s, datatype: float64, format: 10.4f, description: Flux of source based on the outer (larger) aperture}
# - {name: FluxErrAp2, unit: electron / s, datatype: float64, format: 10.4f, description: Error of FluxAp2}
# - {name: MSkyAp2, unit: electron / (pix s), datatype: float64, format: 7.3f, description: Sky estimate from an annulus outside Aperture
#     2}
# - {name: Bck, unit: electron / s, datatype: float32, format: 10.4f, description: Background at the position of the source centroid}
# - {name: Area, unit: pix2, datatype: float64, format: 8.3f, description: Total unmasked area of the source segment}
# - {name: FWHM, unit: pix, datatype: float64, format: 8.3f, description: Circularized FWHM of 2D Gaussian function having the same second-order
#     central moments as the source}
# - {name: MagSegment, unit: mag(AB), datatype: float64, format: 7.3f, description: Magnitude corresponding to FluxSegment}
# - {name: FluxSegment, unit: electron / s, datatype: float64, format: 10.4f, description: Sum of unmasked data values in the source segment}
# - {name: FluxSegmentErr, unit: electron / s, datatype: float32, format: 10.4f, description: 'Uncertainty of FluxSegment, propagated
#     from the input error array'}
# - {name: KronRadius, unit: pix, datatype: float64, format: 8.4f, description: The unscaled first-moment Kron radius}
# - {name: Xmin, unit: pix, datatype: int64, format: 8.0f, description: Minimum X pixel within the minimal bounding box containing the
#     source segment}
# - {name: Ymin, unit: pix, datatype: int64, format: 8.0f, description: Minimum Y pixel within the minimal bounding box containing the
#     source segment}
# - {name: Xmax, unit: pix, datatype: int64, format: 8.0f, description: Maximum X pixel within the minimal bounding box containing the
[...]
# - h12: [RA and Dec values in this table are in sky coordinates (i.e. coordinates at the epoch of observation]
# - h12.1: [and an undistorted a posteriori solution aligned by visit to GSC242).]
# - h13: [Magnitude values in this table are in the ABMAG system.]
# - h14: ['Column titles in this table ending with Ap1 refer to the inner photometric aperture ']
# - h14.1: ['(radius = 1.000000000000064 pixels, 0.05 arcsec.']
# - h15: ['Column titles in this table ending with Ap2 refer to the outer photometric aperture ']
# - h15.1: ['(radius = 3.000000000000192 pixels, 0.15 arcsec.']
# - h16: [CI = Concentration Index (CI) = MagAp1 - MagAp2.]
# - h17: ['Flag Value Identification:']
# - h17.1: ['    0 - Stellar Source (0.9 < CI < 1.23)']
# - h17.2: ['    1 - Extended Source (CI > 1.23)']
# - h17.3: ['    2 - Questionable Photometry (Single-Pixel Saturation)']
# - h17.4: ['    4 - Questionable Photometry (Multi-Pixel Saturation)']
# - h17.5: ['    8 - Faint Detection Limit']
# - h17.6: ['   16 - Hot pixels (CI < 0.9)']
# - h17.7: ['   32 - False Detection Swarm Around Saturated Source']
# - h17.8: ['   64 - False Detections Near Image Edge']
# - h17.9: ['  128 - Bleeding and Cosmic Rays']
# - h18: ['#=================================================================================================']
# schema: astropy-2.0
X-Centroid Y-Centroid RA DEC ID CI Flags MagAp1 MagErrAp1 FluxAp1 FluxErrAp1 MagAp2 MagErrAp2 FluxAp2 FluxErrAp2 MSkyAp2 Bck Area FWHM MagSegment FluxSegment FluxSegmentErr KronRadius Xmin Ymin Xmax Ymax X2 Y2 XY CXX CYY CXY Elongation Ellipticity Theta
[from data line 1935]
2122.2861237060965 3456.0001270330954 53.17654939251928 -27.785219860864306 1936 1.751827133082564 1 30.508281992531668 0.2510611933694615 0.02506832517820809 0.005796890149225974 28.756454859449104 0.15616113141034813 0.12585085570705168 0.018101696616168055 0.06651516421229248 0.06361082 7.0 1.7081578551829397 29.228042653464033 0.08151190727949142 0.28562304 3.8958161056314924 2121 3455 2123 3457 0.45629989748373523 0.5960751752483255 0.01769338067293918 2.1940664863948696 1.6795739101152753 -0.13025354914117998 1.1478335965268487 0.1287935785937685 82.8964984702554
3872.924965598617 3463.211821861595 53.14906619813208 -27.785119674956224 1937 2.1087722461134106 1 29.003583982411808 0.10179602300536808 0.10023156782098133 0.009397784824324146 26.894811736298397 0.04563749389894572 0.6990583411712679 0.029384978152538318 0.06823572361220917 0.06361082 132.0 7.807436895819428 25.449967936743736 2.6451538801193237 1.6267908 3.9070221756738603 3867 3455 3878 3473 7.336306886507306 14.648948406950115 -5.058628898700013 0.17890871956692347 0.08959887324009572 0.12356283794422647 1.9046099308321915 0.4749581088432818 -62.92949247427986
1827.3691988991447 3459.495486015615 53.1811792727666 -27.78517078307683 1938 1.7773105889163858 1 29.271487492385656 0.08303512760573739 0.07831466953065191 0.005989563026507171 27.49417690346927 0.05046964485963136 0.4025013628599048 0.01871060222810814 0.06546349687091374 0.06361082 28.0 3.403569746940163 27.283449464204605 0.4887179955840111 0.69927996 3.9184768811185546 1825 3457 1830 3463 1.736858022339308 2.4412903374824073 0.8351209419448343 0.6890951686483686 0.49025732558153867 -0.4714538025204525 1.5914362576185384 0.3716367870765852 56.43390610804986
4369.1638077945745 3460.222605751099 53.14127576448488 -27.785160196206153 1939 1.5925941438290323 1 30.38608585586986 0.20203269590861497 0.02805458018811663 0.0052205420171222445 28.79349171204083 0.14557127742955564 0.121630203059091 0.016308247244476486 0.0657963840890739 0.06361082 6.0 2.462159885342627 29.317865094021283 0.07503987103700638 0.27404138 3.927797459089816 4368 3458 4370 3462 0.4400786755418675 1.7464090831233132 -0.655856160512827 5.160629423853739 1.300430113287258 3.876102835774418 3.4704464673627045 0.7118526364246356 -67.44110858307977
4570.622291596856 3459.1520178890078 53.138113074808594 -27.785174536607663 1940 1.824264683122891 1 30.31743967867749 0.23784108611055738 0.029885618286528637 0.006546953958140835 28.4931749955546 0.13851714730283676 0.1603866138154828 0.02046264733469874 0.06653391761878102 0.06361082 9.0 2.7425781630835475 28.795360295304572 0.12142105400562286 0.3485818 3.958414358133377 4569 3458 4573 3461 1.4769943165689534 1.235898122287409 1.0147500232146416 1.5532272821137911 1.8562273270356293 -2.5505944092955777 2.6662357683561266 0.6249393951321296 41.61262462730226
1167.0091331876172 3461.467133796624 53.19154622487007 -27.785141650257707 1941 1.9175731224383625 1 30.400135814222356 0.2678069744210764 0.02769387903581877 0.006831181684227596 28.482562691783993 0.1433436152585055 0.16196196600485413 0.021383636125551216 0.06551547622574228 0.06361082 8.0 2.181832931653468 29.047944082729554 0.09621892124414444 0.3103181 4.0646946788331855 1166 3460 1168 3463 0.49750516864134986 1.219444375105613 -0.49510600373405816 3.3728243108226823 1.3760344971931637 2.7387974390941303 2.4467342916656474 0.5912919504964977 -63.04743473169366
1957.3919235800618 3462.587905824656 53.17913804601333 -27.785128085988234 1942 1.6966207456385405 1 29.691458596260272 0.12689010845552073 0.05319302370948473 0.006216881779104358 27.99483785062173 0.08306458047213054 0.25380663800675807 0.01941820199601479 0.06554787067344059 0.06361082 18.0 2.87308588449668 28.033412100456626 0.244947649538517 0.49510008 3.9700229781795064 1956 3460 1959 3465 0.9232545591393971 2.053971177040377 0.3747384537395979 1.1697478477948113 0.5257985338802185 -0.4268312083906451 1.6352557360430533 0.3884748556701153 73.23112362748338
1483.8326986516056 3463.730412145331 53.18657242232853 -27.78511115141961 1943 1.5967190471792492 1 29.799864708967792 0.12001394847780615 0.04813846447737993 0.005321255591405523 28.203145661788543 0.08612385151404485 0.20949798582561585 0.01661856260821296 0.06485007821209102 0.06361082 11.0 2.162717394219771 28.486305105886718 0.16140466183423996 0.40188617 3.9684252494497434 1482 3462 1485 3465 0.8838102457386661 0.80318591411091 0.21591498831279687 1.2109949239518834 1.3325553928705942 -0.6510870030417917 1.3054349426060499 0.23397178414445363 39.71220814306525
3826.614292507691 3467.7105164522777 53.14979323433543 -27.78505726371928 1944 1.8515819655589638 1 28.098148512503766 0.03143297878367688 0.2307696607457235 0.006681199088271749 26.246566546944802 0.017861210309400744 1.2700227419753503 0.0208935647896689 0.06635487318454303 0.06361082 80.0 5.252566707389601 25.613429133158274 2.275445632636547 1.5087179 3.820262586699431 3821 3463 3832 3472 5.380487958689023 4.570305245609245 -2.5972322599967828 0.256113302771259 0.301514771457489 0.29109028672029735 1.8000613041044404 0.4444633648199464 -40.567489790958774
2580.0692668624174 3467.77539804273 53.16936266419739 -27.785056834259308 1945 1.6079634713001738 1 28.877794562580842 0.049857279455626874 0.11254346744746407 0.005168196654171006 27.26983109128067 0.03542351029153165 0.4948865834482221 0.01614683612592708 0.06529625031311495 0.06361082 29.0 3.29376438074817 27.11474800795852 0.5708722248673439 0.755749 3.8638635043065594 2578 3464 2582 3471 1.3010435814732764 2.6118641314028395 -0.11239309437083814 0.7714816503232954 0.3842968848607096 0.06639641694040516 1.4247083509464038 0.2981019593689326 -85.13463763964891
4329.148723960855 3465.1159588182377 53.14190397236787 -27.78509232945236 1946 1.3740628088762392 1 29.875072232779676 0.11669945784615329 0.04491684293885562 0.004828010701966721 28.501009423903437 0.10283353083832811 0.15923346550264217 0.015082011131306812 0.06542170527627914 0.06361082 8.0 1.7632514457054453 28.91373141720153 0.10887935757637024 0.33008754 3.8880978291589083 4328 3464 4330 3466 0.5628010488232162 0.5585537470913949 -0.1202162287390991 1.862449921469536 1.876612187532704 0.8017015620803388 1.243371903147122 0.19573540509570686 -44.493980227946956
1153.3694548221315 3466.329378782724 53.19176033550959 -27.785074074810783 1947 2.1938791425026665 1 30.694531533134242 0.47945249329604356 0.021116673418020177 0.009325266390704669 28.500652390631576 0.19863684467584686 0.1592858364132692 0.029142521826181177 0.06596956256623954 0.06361082 8.0 2.366394632038362 28.89436472511812 0.11083890497684479 0.33304253 3.983347116329144 1152 3465 1155 3468 0.9956666078340001 1.0240428101630081 -0.2502084874517813 1.0700541276504754 1.0404029527895662 0.5229012344285532 1.288471025965992 0.2238863118786233 -46.62274408952247
1985.789253990965 3469.527190327226 53.17869222391615 -27.785031758347493 1948 1.7837520316299091 1 28.29686356105665 0.03466197179765482 0.1921731425919907 0.006135304456839162 26.51311152942674 0.020957184247564504 0.9935586411382324 0.01917858662898937 0.06603683826738391 0.06361082 65.0 4.677334677797919 25.987730454928016 1.6119290962815285 1.2698685 3.8401132370174227 1981 3465 1991 3474 4.250762112888528 3.639863536940162 1.144800661122227 0.2570230052957968 0.3001606082107581 -0.161676449350407 1.3632469551206874 0.26645719160145076 37.530340603544616
5244.828440242537 3468.2919496316063 53.12752878856396 -27.785045299537842 1949 1.7085056698812693 1 29.272787816668416 0.08059692640254613 0.07822093266370986 0.0058067299926642165 27.564282146787146 0.05219256610128589 0.3773334078428745 0.018139448126612043 0.0661733562410888 0.06361082 29.0 3.318037784352828 27.318764083714438 0.4730777069926262 0.6880131 3.927708576049319 5242 3465 5247 3471 1.7485745553584573 2.222218029233504 0.32983765869526255 0.58836761920922 0.46296296520505464 -0.1746595477303484 1.230529025033214 0.18734139572773723 62.839075975056446
2030.666678297624 3468.096500696419 53.17798769908602 -27.785051707199287 1950 1.6207892172988778 1 29.838034947828472 0.13714047183689818 0.04647550713882434 0.005870565513380767 28.217245730529594 0.09626890359826958 0.2067949002191276 0.018336481821690127 0.06578238746403037 0.06361082 11.0 2.1142678030389126 28.535144902100445 0.15430505573749542 0.39295405 3.9416895023745444 2029 3467 2032 3469 1.0073337313806277 0.6049242667532914 -0.13778477383252058 1.0246424184584784 1.7062580019419162 0.4667695830562093 1.3665346738961088 0.26822200775270977 -17.20164961167845
972.2155071830232 3469.4993287071347 53.194604246560786 -27.785029428390853 1951 1.5582342459432112 1 29.68030927416306 0.11304805734186185 0.053742072062191615 0.005595870723180537 28.12207502821985 0.08409604338212238 0.22573978408541517 0.01748532990284426 0.0656317109083153 0.06361082 13.0 2.568201064586231 28.20196692975328 0.20972555130720139 0.45809713 3.931446571968937 971 3468 974 3472 1.0539863206566107 1.3248939854039583 -0.7038280175301966 1.4703950797725855 1.1697360823693126 1.5622461349870995 2.0081273745122177 0.5020236202681596 -50.44677846244533
1222.354960213239 3471.6222242585977 53.19067731780621 -27.785000783625556 1952 1.3402057462942878 1 29.384636290077946 0.08377280699311962 0.07056406649952676 0.005444736044500795 28.04443054378366 0.07616747709903532 0.24247440320651514 0.017010834994321173 0.06587614063300243 0.06361082 13.0 2.1945169293350113 28.16817793369567 0.21635500341653824 0.46527675 3.953058354146356 1221 3470 1224 3473 0.8208523387261306 0.9161180653255504 -0.1231235218782951 1.2433095856761676 1.114019709675989 0.3341941628868439 1.1655519688988962 0.14203739800233373 -55.57499292752743
1860.547838300979 3471.589343219258 53.18065837554908 -27.78500288030466 1953 1.4259737601002627 1 29.241244210477443 0.07621239184932035 0.0805267983521531 0.00565270324250299 27.81527045037718 0.06400528704303984 0.2994538743999158 0.01765370837903381 0.06573518977723139 0.06361082 15.0 2.3551610760493813 27.91507733580246 0.27315375953912735 0.5227818 3.936035666139826 1859 3470 1862 3473 1.007219226043948 0.9933601060602452 -0.1265062487146122 1.0089713484091063 1.023048272670923 0.2569887386639602 1.1358066615301545 0.11956846717838066 -43.43233767574666
1998.1774896995537 3471.3719279707066 53.178497738190586 -27.78500615892634 1954 1.5731517580014653 1 30.011590663856946 0.18308547020346802 0.039609727174377524 0.006679529818874453 28.43843890585548 0.1345030283685206 0.16867959681004008 0.020897040245861136 0.0663308906828014 0.06361082 8.0 1.9126949544825294 28.955888772939065 0.10473277419805527 0.32374558 3.953770994754587 1997 3470 2000 3472 0.8841106003177813 0.43537900142436126 0.13079499335529765 1.1836874064944856 2.4036772102483877 -0.7111982248142157 1.5160495400477578 0.3403909479313595 15.1201142089262
4721.103539985542 3472.4784648063705 53.13575072354092 -27.784989005068677 1955 1.4245544109656691 1 29.432562493263116 0.0864020090158507 0.06751699725919716 0.005373127204487721 28.008008082297447 0.07266705423421678 0.25074650229360196 0.01678272974229468 0.06650022840177691 0.06361082 17.0 2.6621477158508644 27.916163435088873 0.2728806510567665 0.52253926 3.9375341220680475 4719 3470 4723 3474 1.1709968524560292 1.385109072725999 -0.3566473680750207 0.9266424898879138 0.7834007157827763 0.4771965062860932 1.3499230116438772 0.2592170135819496 -53.35418348380727
4268.252915220857 3472.014908700075 53.14285998963193 -27.78499665208212 1956 1.2421460724864346 0 29.898650541739155 0.1252232338907454 0.04395192489033095 0.005069358174901342 28.65650446925272 0.1245999712656519 0.13798641418562196 0.01583596135449833 0.06608717676441547 0.06361082 8.0 1.8988459324976674 28.869049547912642 0.11345360428094864 0.33694515 3.9315036484269594 4267 3471 4270 3473 0.8410766954450368 0.45937434023911966 0.22172053949471357 1.3622835277067746 2.494229275293004 -1.3150331320233624 1.6235199628083747 0.384054386205271 24.63950033238602
728.6254956193515 3475.533184304605 53.19842832092787 -27.784944700282534 1957 1.4166378397169126 1 27.331212411713647 0.013388257370699565 0.467684688627197 0.005767231260639588 25.914574571996734 0.011345355487294623 1.7242819731534027 0.018018413876539702 0.06646164620713313 0.06361082 46.0 3.4094423453258957 25.74098159502945 2.0232310369610786 1.4225618 3.7084342079575596 726 3472 732 3479 2.000532516831992 2.1920464303660925 -0.014868759419776136 0.49989210796115763 0.45621771648192994 0.006781585815112389 1.0473462984305533 0.045205963396731 -85.58691187379857
1151.1534025452695 3478.262745767204 53.19179508115789 -27.784908326401258 1958 1.6681876764457257 1 30.35318333522571 0.22230445166993915 0.028917768888837236 0.005921109658608259 28.684995658779986 0.14940517726197974 0.13441256012932556 0.018496760037172696 0.06635159814761857 0.06361082 7.0 2.1601593087791557 29.101685696976087 0.09157223999500275 0.30272242 3.881632213967934 1150 3477 1153 3479 1.2329249526321937 0.4500827729188468 0.37203561359537607 1.080610712535744 2.9601486476070895 -1.7864521536284628 2.1406548323826384 0.5328532256239751 21.772737173144506
2745.71317504078 3478.1504082704846 53.166762226096814 -27.78491283303023 1959 1.7575753795584035 1 30.515316040653584 0.3184936565585433 0.02490644253584845 0.007306386621633608 28.75774066109518 0.19713522451469634 0.1257019028988684 0.022824235838530882 0.0665561621977111 0.06361082 7.0 1.792744270075519 29.268361185197154 0.07854049652814865 0.2803732 3.8771260815508795 2745 3477 2747 3479 0.47890478787322405 0.6802761581173135 0.17093463878563084 2.2938219530064847 1.6148181921643583 -1.1527484016516047 1.4285736644798126 0.3000010955933935 60.2496874469547
835.5152952991072 3484.0460669536324 53.19675023034428 -27.78482688449581 1960 2.2924857722964447 1 29.964110150365325 0.19366637647230261 0.04138034016674472 0.0073813949869068135 27.67162437806888 0.07326010312171863 0.34181283422860664 0.023064606690535724 0.0667208788388825 0.06361082 53.0 5.57886034405336 26.817553820447014 0.7506138756871223 0.86667955 3.9225589639422016 832 3478 840 3489 4.140192771174214 7.085302914067019 -3.3114968852559015 0.38573099154283025 0.2253962437700207 0.3605624184407793 2.1552069611404696 0.5360074377864711 -56.98686921586365
3855.0023627129985 3480.099402595844 53.14934759336335 -27.78488515301923 1961 1.72607358554707 1 30.048072277540417 0.160850005778599 0.03830091996527349 0.0056744065558993265 28.321998691993347 0.10246403015299826 0.18777537579517234 0.017721490068589037 0.06639551434051308 0.06361082 11.0 2.290336742527441 28.570634205158097 0.1493428498506546 0.3865885 4.003677248581702 3854 3478 3857 3482 0.8354873379953356 1.0564782290915924 0.24209034094151527 1.282030385981339 1.0138591831974417 -0.5875505328803083 1.3352309627472099 0.25106589953357517 57.266508242099135
5109.7835949317305 3478.9531675003477 53.129648893308534 -27.784897751086692 1962 1.6054113055732344 1 30.09867936292677 0.1619678346154793 0.03655664837411576 0.005453625474767442 28.493268057353536 0.11534879633325226 0.16037286717326094 0.01703860844887924 0.06457864959426476 0.06361082 7.0 2.095142124120144 29.07124750375159 0.09417575597763062 0.30699247 3.8947578175689945 5108 3478 5111 3480 1.0289939748366954 0.5542269641551503 -0.5462649596264292 2.0384174924069804 3.7845854740862594 4.018267320821974 2.6604160682924713 0.6241189444319408 -33.25614255380357
