606fw/HST/hst_10086_87_acs_wfc_f606w_j8wc87/hst_10086_87_acs_wfc_f606w_j8wc87_segment-cat.ecsv
# %ECSV 1.0
# ---
# datatype:
# - {name: X-Centroid, unit: pix, datatype: float64, format: 10.3f, description: Pixel Coordinate}
# - {name: Y-Centroid, unit: pix, datatype: float64, format: 10.3f, description: Pixel Coordinate}
# - {name: RA, unit: deg, datatype: float64, format: 13.7f, description: Sky coordinate at epoch of observation}
# - {name: DEC, unit: deg, datatype: float64, format: 13.7f, description: Sky coordinate at epoch of observation}
# - {name: ID, unit: '', datatype: int32, format: 7d, description: Catalog Object Identification Number}
# - {name: CI, unit: mag(AB), datatype: float64, format: 7.3f, description: Concentration Index}
# - {name: Flags, unit: '', datatype: int32, format: 5d, description: Numeric encoding for conditions on detected sources}
# - {name: MagAp1, unit: mag(AB), datatype: float64, format: 7.3f, description: ABMAG of source based on the inner (smaller) aperture}
# - {name: MagErrAp1, unit: mag(AB), datatype: float64, format: 7.3f, description: Error of MagAp1}
# - {name: FluxAp1, unit: electron / s, datatype: float64, format: 10.4f, description: Flux of source based on the inner (smaller) aperture}
# - {name: FluxErrAp1, unit: electron / s, datatype: float64, format: 10.4f, description: Error of FluxAp1}
# - {name: MagAp2, unit: mag(AB), datatype: float64, format: 7.3f, description: ABMAG of source based on the outer (larger) aperture}
# - {name: MagErrAp2, unit: mag(AB), datatype: float64, format: 7.3f, description: Error of MagAp2}
# - {name: FluxAp2, unit: electron / s, datatype: float64, format: 10.4f, description: Flux of source based on the outer (larger) aperture}
# - {name: FluxErrAp2, unit: electron / s, datatype: float64, format: 10.4f, description: Error of FluxAp2}
# - {name: MSkyAp2, unit: electron / (pix s), datatype: float64, format: 7.3f, description: Sky estimate from an annulus outside Aperture
#     2}
# - {name: Bck, unit: electron / s, datatype: float32, format: 10.4f, description: Background at the position of the source centroid}
# - {name: Area, unit: pix2, datatype: float64, format: 8.3f, description: Total unmasked area of the source segment}
# - {name: FWHM, unit: pix, datatype: float64, format: 8.3f, description: Circularized FWHM of 2D Gaussian function having the same second-order
#     central moments as the source}
# - {name: MagSegment, unit: mag(AB), datatype: float64, format: 7.3f, description: Magnitude corresponding to FluxSegment}
# - {name: FluxSegment, unit: electron / s, datatype: float64, format: 10.4f, description: Sum of unmasked data values in the source segment}
# - {name: FluxSegmentErr, unit: electron / s, datatype: float32, format: 10.4f, description: 'Uncertainty of FluxSegment, propagated
#     from the input error array'}
# - {name: KronRadius, unit: pix, datatype: float64, format: 8.4f, description: The unscaled first-moment Kron radius}
# - {name: Xmin, unit: pix, datatype: int64, format: 8.0f, description: Minimum X pixel within the minimal bounding box containing the
#     source segment}
# - {name: Ymin, unit: pix, datatype: int64, format: 8.0f, description: Minimum Y pixel within the minimal bounding box containing the
#     source segment}
# - {name: Xmax, unit: pix, datatype: int64, format: 8.0f, description: Maximum X pixel within the minimal bounding box containing the
[...]
# - h12: [RA and Dec values in this table are in sky coordinates (i.e. coordinates at the epoch of observation]
# - h12.1: [and an undistorted a posteriori solution aligned by visit to GSC242).]
# - h13: [Magnitude values in this table are in the ABMAG system.]
# - h14: ['Column titles in this table ending with Ap1 refer to the inner photometric aperture ']
# - h14.1: ['(radius = 1.000000000000064 pixels, 0.05 arcsec.']
# - h15: ['Column titles in this table ending with Ap2 refer to the outer photometric aperture ']
# - h15.1: ['(radius = 3.000000000000192 pixels, 0.15 arcsec.']
# - h16: [CI = Concentration Index (CI) = MagAp1 - MagAp2.]
# - h17: ['Flag Value Identification:']
# - h17.1: ['    0 - Stellar Source (0.9 < CI < 1.23)']
# - h17.2: ['    1 - Extended Source (CI > 1.23)']
# - h17.3: ['    2 - Questionable Photometry (Single-Pixel Saturation)']
# - h17.4: ['    4 - Questionable Photometry (Multi-Pixel Saturation)']
# - h17.5: ['    8 - Faint Detection Limit']
# - h17.6: ['   16 - Hot pixels (CI < 0.9)']
# - h17.7: ['   32 - False Detection Swarm Around Saturated Source']
# - h17.8: ['   64 - False Detections Near Image Edge']
# - h17.9: ['  128 - Bleeding and Cosmic Rays']
# - h18: ['#=================================================================================================']
# schema: astropy-2.0
X-Centroid Y-Centroid RA DEC ID CI Flags MagAp1 MagErrAp1 FluxAp1 FluxErrAp1 MagAp2 MagErrAp2 FluxAp2 FluxErrAp2 MSkyAp2 Bck Area FWHM MagSegment FluxSegment FluxSegmentErr KronRadius Xmin Ymin Xmax Ymax X2 Y2 XY CXX CYY CXY Elongation Ellipticity Theta
[from data line 2047]
4930.461742947328 3572.8884924005392 53.13246441617544 -27.78359373979027 2048 2.2176034010796215 1 30.63589787352657 0.3069374750976398 0.022288403795409056 0.0063011387905678425 28.41829447244695 0.1243659431933067 0.1718384424697419 0.019683936607366878 0.06693018030817227 0.06361082 17.0 3.3306744821718834 28.273344961127034 0.19638130068778992 0.44333726 3.9492049668364695 4927 3571 4933 3575 2.87901375607498 1.122081832754136 -0.5223451287419703 0.3793835923874579 0.9734143708856944 0.3532169680027953 1.7575375146801444 0.4310221024317704 -15.36808154956739
3178.5557167662923 3573.903109478527 53.15996710415013 -27.783582955856705 2049 1.5052576627047074 1 29.64836436189567 0.10910503548215275 0.05534678160014736 0.005561953182561514 28.143106699190962 0.08521002269854722 0.22140908488247457 0.01737705917702885 0.06673562149105428 0.06361082 15.0 2.4547410314224125 28.141330222240544 0.22177165001630783 0.47108245 4.010845046345697 3177 3572 3180 3576 1.013602705061732 1.1597284792622755 -0.26019041454138214 1.0468707158465123 0.9149650184558105 0.46974051322876365 1.289206496588263 0.22432907168371763 -52.84251574207129
1738.3669748613102 3579.8118004659614 53.18257621223654 -27.783499532681308 2050 1.823087439790271 1 28.535002393030947 0.04793945405329119 0.1543253104854037 0.006814286756263155 26.711914953240676 0.02796895147926063 0.8273173559509204 0.021312700549453334 0.06609313221244545 0.06361082 67.0 5.482988632912428 26.023609102583887 1.5595326647162437 1.2490754 3.8693689050219837 1733 3575 1744 3584 7.300408584369111 3.5425859454365813 3.11792573371359 0.21947932606977497 0.4522935451136584 -0.3863393855850309 2.255541651135274 0.5566475132495676 29.463084409403436
5104.523606422611 3581.1810676806454 53.12973190290487 -27.783477939157457 2051 1.5464367471378182 1 28.636816898835686 0.04367921855978887 0.14051133404005325 0.005652966076874815 27.090380151697868 0.032843484144039384 0.5838295275476391 0.017661412757513942 0.06640858459128005 0.06361082 32.0 3.2989840924097953 26.860145001014114 0.7217389047145844 0.84973675 3.8749863466482273 5102 3578 5107 3584 1.4678576333738647 2.4574616736963253 0.0454652692174055 0.6816555985912354 0.40715726492661436 -0.025222493302926502 1.2953707655495859 0.2280202498041317 87.37503728204467
4468.999772518826 3581.2972212060895 53.13970880396422 -27.7834783513988 2052 1.491308948806953 1 30.072005628378125 0.1418275405686687 0.037465873743335626 0.004894255068871283 28.580696679571172 0.11215422852692168 0.14796515205656924 0.015284993532074406 0.06527002890804406 0.06361082 7.0 1.6677862495764042 29.14640155460498 0.08787745982408524 0.29655704 3.9687053864181303 4468 3580 4470 3582 0.54491458469413 0.45830343749746977 0.003553916407810753 1.8352428165736276 2.182070862629357 -0.02846280007740002 1.0907234610303727 0.08317732612505546 2.34576183761566
1626.426351472324 3583.7187804686396 53.184333524804885 -27.783445009420547 2053 1.370452288689222 1 28.726546229068614 0.04877188244914578 0.12936584362020795 0.005811380416302254 27.35609394037939 0.043137259113246985 0.4570887584335721 0.018161145998251225 0.06638336472519457 0.06361082 28.0 3.035170483846596 27.170569985116824 0.5422631874680519 0.73657155 3.879130707215794 1624 3581 1629 3586 1.8028961144532392 1.5197242915663152 -0.0011001343791302172 0.554663373952923 0.6580143827921517 0.0008030459865862359 1.0891910753897318 0.08188744601842946 -0.2225920209902372
1610.7965899676535 3586.3051229430766 53.184578884600086 -27.78340904997788 2054 1.6532312349637408 1 27.836354087781512 0.021974279629353867 0.2936949516727479 0.005944307814116728 26.18312285281777 0.01497125824326563 1.3464461085529915 0.018566816249228055 0.06684487325617591 0.06361082 57.0 4.094551721707046 25.82626769153053 1.8703851252794266 1.3678246 3.7929047231165525 1608 3582 1614 3591 1.9320034106823119 4.11481978644538 -0.030431080965386305 0.5176577301379438 0.2430523211458866 0.007656658184680326 1.4596257863294737 0.3148928928457042 -89.20143494380214
1812.05528098475 3585.5232004668155 53.18141938746076 -27.783420366480524 2055 3.7181672991828556 1 32.592139102560296 2.095599526190022 0.0036777522985297073 0.007098734433308574 28.87397180337744 0.21334440401767762 0.11294041916950515 0.022193245295408278 0.0703704885906414 0.06361082 48.0 6.3726010502070665 27.021138740807327 0.6222753822803497 0.78914255 3.9600482373387393 1805 3582 1817 3590 11.321013709328785 3.3259636152757035 1.250692851998366 0.09215991789262153 0.3136966649668223 -0.06931149217608225 1.916314253011746 0.4781649207960723 8.686584371132163
3325.2613029573517 3587.4228606360793 53.15766402293586 -27.783395113393333 2056 1.9015955589664486 1 29.63136694709433 0.11166185736783442 0.05622006427205012 0.005782109973248728 27.729771388127883 0.06054426314697236 0.32398847478020487 0.018067277768885455 0.06551914517179691 0.06361082 31.0 4.36094345570752 27.30253063680257 0.48020409792661667 0.69318676 3.9407871171252014 3323 3583 3328 3591 1.8177268281315833 5.041504644365739 -2.0784682811605166 1.0407627670162785 0.37524956075171023 0.8581534887104457 2.7533334171929105 0.6368038851540457 -63.897105311640814
1757.2299228052266 3587.815885223196 53.18228006851554 -27.78338840641175 2057 2.2040073105033926 1 28.79072802257974 0.07587527910481337 0.12194020128568966 0.008521918399787073 26.586720712076346 0.03117720745669024 0.9284314249951173 0.026661047385450228 0.06524845913157495 0.06361082 114.0 8.598402320031107 25.51174221293017 2.498856008052826 1.5811305 3.8920485159384257 1746 3584 1770 3592 23.361888243002923 3.303632634320485 -2.1487970273652164 0.045528557771989046 0.3219586425816641 0.05922670007816916 2.7692670134857464 0.638893615122626 -6.046554331862551
4902.665635601028 3585.196237232769 53.13290082670227 -27.78342289390658 2058 1.5754742359621403 9 30.815956612105705 0.38387536711796116 0.018882325147126428 0.006676300541488317 29.240482376143564 0.2809553585637243 0.08058332185000205 0.02085319709369377 0.06798084810174801 0.06361082 6.0 1.9539032466350996 29.4029454237025 0.06938409805297852 0.2635202 4.060898226184347 4902 3584 4903 3587 0.22256484767218532 1.154393035257923 0.22625677942389022 5.6110629029020265 1.0818025768705521 -2.1994952893523414 2.659781933892114 0.6240293283981069 77.04895260707653
4963.014768283061 3585.0017443719803 53.13195342326916 -27.78342538721925 2059 1.4151264578163847 9 30.9383890840062 0.4025675063830689 0.016868733729270308 0.006254770261796365 29.523262626189815 0.3416606577769491 0.06210592952172944 0.019544213624613543 0.06957206051199102 0.06361082 7.0 1.778168927826254 29.213130977152293 0.08263912796974182 0.28758955 3.9430535069834693 4962 3584 4964 3586 0.5603400842250389 0.5800687728565492 0.2929781844453418 2.425041050649836 2.3425631065755517 -2.4496547908484487 1.765249135220061 0.43350772418005623 45.964187616077275
1775.26990951599 3586.1105506930353 53.18199686845655 -27.783412130773307 2060 1.8871546779435562 1 30.30742239554711 0.23455949519874308 0.030162626643332163 0.006516469079237497 28.420267717603554 0.1290416502980244 0.17152642244720773 0.020386895663906956 0.06582111230408641 0.06361082 8.0 2.3386028708249285 29.084916251018864 0.09299757331609726 0.30508357 4.024886608449273 1774 3585 1777 3588 0.9198273017067407 1.0527203551316389 -0.7548001944878778 2.6410605112582926 2.3076589636296734 3.7872792671568254 2.7623418602128567 0.6379883263532982 -47.5154448187264
2202.301710250702 3588.9073323209104 53.17529302118183 -27.78337404502745 2061 1.2847426749466564 1 29.123379874164446 0.06983901543091728 0.08976068680594526 0.005773968859657496 27.83863719921779 0.06680931331017229 0.29307801195744654 0.018034761651641765 0.06568638459351417 0.06361082 14.0 2.31065812252195 27.908269457185437 0.2748718932271004 0.5244131 3.9278605737486374 2200 3587 2204 3590 1.14310427589221 0.7825837702106184 -0.05183715189250273 0.8774464703981444 1.2816683023067335 0.11624142410039424 1.2181405426608563 0.17907666235651187 -8.021781446882375
1802.7323827002817 3590.8297020099617 53.18156573218721 -27.7833466455177 2062 1.636205463635065 9 30.61677304273177 0.34514989471648533 0.02268448371890522 0.007211519910912739 28.980567579096704 0.2388397423236704 0.10237904756173011 0.022522045997040076 0.0698420804508206 0.06361082 17.0 3.114515218066564 28.25888617583149 0.19901400804519653 0.4462966 3.8602328747160564 1801 3588 1804 3594 0.8450049078948404 2.653604520095653 -0.5842388247020657 1.3959184844783858 0.4445115922408984 0.6146731877907285 2.0496101816769503 0.5121023456363689 -73.56740320025115
4753.328605855317 3589.914173678424 53.135245240027274 -27.7833578538963 2063 1.72864719513872 1 29.861613151092097 0.13196442351382143 0.04547710979244329 0.005527641684475032 28.132965955953377 0.08386439102553496 0.22348672647427326 0.017263128136736878 0.06544816895366115 0.06361082 16.0 2.876440833932846 28.167017914531687 0.21658628433942795 0.4655568 3.9399985307156085 4752 3588 4755 3593 1.0031765681627838 1.9810063381401646 -0.6313423999794803 1.2469308013157705 0.6314425844668441 0.7947882543880426 1.8173111531864017 0.4497364976566399 -63.87719473848446
4961.850928910495 3590.9806744356315 53.1319717176734 -27.78334235060975 2064 0.5236132375289486 8 31.784044272807453 1.11791405506807 0.0077414160310493585 0.007971113371317446 31.260431035278504 2.1566069883928005 0.012539080845455075 0.024907312682445167 0.07091610525248401 0.06361082 6.0 1.7907223319188543 29.421547184145464 0.06820547580718994 0.26127437 3.922616637619089 4961 3590 4963 3592 0.48269087893120244 0.6738767880693477 -0.34319695136093625 3.2477550007806633 2.3263328603013127 3.3080813429663802 2.0516425244468137 0.5125856536485902 -52.782236292178354
2672.892136596871 3597.2384233331777 53.1679053616155 -27.783258796590076 2065 1.7463628003704699 1 29.3932472462372 0.09551188156210122 0.07000663743949706 0.0061586678305998 27.64688444586673 0.05974740302192216 0.34969090599001706 0.019243919584863812 0.06535155112527744 0.06361082 31.0 4.091005648910264 27.300137248119224 0.48126382380723953 0.6939508 3.9254727786477144 2671 3592 2675 3601 1.3939874489054032 4.642366621631095 -0.9516250153727092 0.8340863401578134 0.2504554216088426 0.34195378821501404 2.077239587134653 0.5185918821336342 -74.81681926130817
4455.869395061679 3593.155808884544 53.13991496875209 -27.783313683102865 2066 1.6511127910522703 1 30.24099006062927 0.1762623815955066 0.03206580095114653 0.0052058528538422655 28.589877269577 0.12033894146156411 0.14671928732062267 0.01626235951750835 0.06589134567874974 0.06361082 7.0 1.9193352571479538 29.140127998420798 0.08838669955730438 0.2974144 3.9406749801570697 4455 3592 4457 3595 0.3667937712734091 0.9618734774180154 0.15146827414976935 2.915947196994649 1.111945899673646 -0.9183608859373759 1.738009824340149 0.4246292592853098 76.51038626566927
4224.514559973109 3595.5072131193892 53.14354694054252 -27.78328157879552 2067 1.5527746414864438 1 30.185207146982943 0.18381666057045268 0.03375633263799607 0.005715184985375165 28.6324325054965 0.13739386839602322 0.14107989065943505 0.017853469586983292 0.06544767815177724 0.06361082 6.0 1.759088951993299 29.30019969515386 0.07627078890800476 0.27627814 3.994632236344767 4224 3594 4225 3597 0.24978800718308536 0.8662786911352783 0.24532635788721271 5.545922609870613 1.5991446758268077 -3.1411623278436087 2.408737807175301 0.584844810829499 70.74220660518185
2745.830392235671 3596.19333957654 53.16676032809835 -27.78327334795672 2068 1.7711860680707119 1 30.202927594242976 0.1912392743816725 0.03320986260939923 0.005849709890150636 28.431741526172264 0.11697225255568497 0.16972331516028927 0.01828582341854791 0.06482125862405219 0.06361082 6.0 1.5949530830325487 29.361890572488765 0.07205794751644135 0.26854566 3.894180718715463 2745 3595 2747 3597 0.46021152320636405 0.457297560153108 -0.1345092792252164 2.3772900522458897 2.392438471968047 1.398509851352848 1.3526806737887445 0.2607272215998442 -44.68970308889987
2490.9954955278254 3600.1689228514765 53.17076089506127 -27.78321796353381 2069 1.5916674401898447 1 29.606733617306123 0.1138733134988157 0.057510172424467265 0.006031936901411353 28.015066177116278 0.08215219160146514 0.24912174985354807 0.018850416990016532 0.06608022256971222 0.06361082 33.0 5.009458077727477 27.334462295583517 0.46628688275814056 0.68308884 3.9276831520642994 2486 3598 2496 3602 7.847365792730833 1.2036232815653514 -1.5307295643456562 0.16947334501703534 1.1049298819949296 0.4310615514993133 3.070594213436839 0.6743301359639036 -12.37020541890495
1822.703092257128 3604.5089991963673 53.181252186241146 -27.78315669699948 2070 1.7638326967916171 1 28.65736906498324 0.061905834755581673 0.1378765762940017 0.007861623421499327 26.893536368191622 0.038107139085057654 0.6998799777264029 0.024565187118050183 0.0676237107747244 0.06361082 82.0 6.0373843841715304 26.024790310996348 1.5578369200229645 1.2484554 3.898428960895345 1816 3599 1828 3610 7.293811539916802 5.85275069986351 -3.6849564365292204 0.20105666143947637 0.25056071454036083 0.2531749861465149 1.9142396741450456 0.4775993761352644 -39.46818824365587
4944.708530579783 3599.779002716361 53.132240865256904 -27.783220211323886 2071 0.11923783475617711 8 31.76383189143041 1.1966533404486746 0.007886882306502113 0.008692883906973658 31.644594056674233 3.3592533514895107 0.008802387717104843 0.027235378502159475 0.07181358593006204 0.06361082 9.0 2.871942084902999 28.912286344744746 0.10902436822652817 0.33032194 3.952110188340403 4942 3599 4947 3601 2.589442422105044 0.38541326885151467 0.45986805296080296 0.4900192188457676 3.292249269743893 -1.1693639129523246 3.0236272141510847 0.66927139849786 11.325330460425642
2886.167030027096 3603.0158523246646 53.16455722699494 -27.78317863416309 2072 1.7495815495003555 1 29.538281253138354 0.09552479180640941 0.06125275335880437 0.00538929401507703 27.788699703638 0.059578473495456 0.3068726863569693 0.01683983256018981 0.06561228401526656 0.06361082 21.0 2.9956080564334293 27.69227136389213 0.3353741392493248 0.57929265 3.8890450264545118 2884 3601 2889 3605 1.8730386726246346 1.3635277736673597 -0.7164325788147464 0.6681782817832502 0.9178571835187451 0.7021561258535285 1.6651253378556539 0.3994446080030235 -35.212589876296825
1476.8224575916558 3603.0250954383628 53.18668205294827 -27.78317648446579 2073 1.5008259248845945 1 30.270500810588064 0.20012440189851172 0.031205977596576173 0.005752120845696935 28.76967488570347 0.15695531167128596 0.12432777524157768 0.017973569782112384 0.0653755782305584 0.06361082 6.0 1.7554595209267723 29.336017670695913 0.07379569858312607 0.27176186 3.8794393583192615 1476 3602 1478 3604 0.45858212770489953 0.6528838841466573 -0.3295539332554017 3.4219114259033336 2.403532175647885 3.4545327187298964 2.05885178565812 0.5142923803617335 -53.212628776942964
1142.2607459683466 3612.062523617733 53.19193419033687 -27.783049967346304 2074 2.207129496726779 1 29.839690566514317 0.18211234408365076 0.046404691519904534 0.00778379584523213 27.63256106978754 0.07449463252971836 0.35433470311000104 0.02431245601980877 0.06831698268148545 0.06361082 88.0 6.317210449875782 26.18811443103193 1.340270146727562 1.158073 3.9393668717548995 1138 3606 1147 3618 5.4230047548778995 8.970456326425776 0.2753935468272395 0.18468754949146785 0.11165111590906585 -0.011339837675694329 1.2901902205803741 0.2249204930803429 85.58728310895401
