606fw/HST/hst_10086_87_acs_wfc_f606w_j8wc87/hst_10086_87_acs_wfc_f606w_j8wc87_segment-cat.ecsv
# %ECSV 1.0
# ---
# datatype:
# - {name: X-Centroid, unit: pix, datatype: float64, format: 10.3f, description: Pixel Coordinate}
# - {name: Y-Centroid, unit: pix, datatype: float64, format: 10.3f, description: Pixel Coordinate}
# - {name: RA, unit: deg, datatype: float64, format: 13.7f, description: Sky coordinate at epoch of observation}
# - {name: DEC, unit: deg, datatype: float64, format: 13.7f, description: Sky coordinate at epoch of observation}
# - {name: ID, unit: '', datatype: int32, format: 7d, description: Catalog Object Identification Number}
# - {name: CI, unit: mag(AB), datatype: float64, format: 7.3f, description: Concentration Index}
# - {name: Flags, unit: '', datatype: int32, format: 5d, description: Numeric encoding for conditions on detected sources}
# - {name: MagAp1, unit: mag(AB), datatype: float64, format: 7.3f, description: ABMAG of source based on the inner (smaller) aperture}
# - {name: MagErrAp1, unit: mag(AB), datatype: float64, format: 7.3f, description: Error of MagAp1}
# - {name: FluxAp1, unit: electron / s, datatype: float64, format: 10.4f, description: Flux of source based on the inner (smaller) aperture}
# - {name: FluxErrAp1, unit: electron / s, datatype: float64, format: 10.4f, description: Error of FluxAp1}
# - {name: MagAp2, unit: mag(AB), datatype: float64, format: 7.3f, description: ABMAG of source based on the outer (larger) aperture}
# - {name: MagErrAp2, unit: mag(AB), datatype: float64, format: 7.3f, description: Error of MagAp2}
# - {name: FluxAp2, unit: electron / s, datatype: float64, format: 10.4f, description: Flux of source based on the outer (larger) aperture}
# - {name: FluxErrAp2, unit: electron / s, datatype: float64, format: 10.4f, description: Error of FluxAp2}
# - {name: MSkyAp2, unit: electron / (pix s), datatype: float64, format: 7.3f, description: Sky estimate from an annulus outside Aperture
#     2}
# - {name: Bck, unit: electron / s, datatype: float32, format: 10.4f, description: Background at the position of the source centroid}
# - {name: Area, unit: pix2, datatype: float64, format: 8.3f, description: Total unmasked area of the source segment}
# - {name: FWHM, unit: pix, datatype: float64, format: 8.3f, description: Circularized FWHM of 2D Gaussian function having the same second-order
#     central moments as the source}
# - {name: MagSegment, unit: mag(AB), datatype: float64, format: 7.3f, description: Magnitude corresponding to FluxSegment}
# - {name: FluxSegment, unit: electron / s, datatype: float64, format: 10.4f, description: Sum of unmasked data values in the source segment}
# - {name: FluxSegmentErr, unit: electron / s, datatype: float32, format: 10.4f, description: 'Uncertainty of FluxSegment, propagated
#     from the input error array'}
# - {name: KronRadius, unit: pix, datatype: float64, format: 8.4f, description: The unscaled first-moment Kron radius}
# - {name: Xmin, unit: pix, datatype: int64, format: 8.0f, description: Minimum X pixel within the minimal bounding box containing the
#     source segment}
# - {name: Ymin, unit: pix, datatype: int64, format: 8.0f, description: Minimum Y pixel within the minimal bounding box containing the
#     source segment}
# - {name: Xmax, unit: pix, datatype: int64, format: 8.0f, description: Maximum X pixel within the minimal bounding box containing the
[...]
# - h12: [RA and Dec values in this table are in sky coordinates (i.e. coordinates at the epoch of observation]
# - h12.1: [and an undistorted a posteriori solution aligned by visit to GSC242).]
# - h13: [Magnitude values in this table are in the ABMAG system.]
# - h14: ['Column titles in this table ending with Ap1 refer to the inner photometric aperture ']
# - h14.1: ['(radius = 1.000000000000064 pixels, 0.05 arcsec.']
# - h15: ['Column titles in this table ending with Ap2 refer to the outer photometric aperture ']
# - h15.1: ['(radius = 3.000000000000192 pixels, 0.15 arcsec.']
# - h16: [CI = Concentration Index (CI) = MagAp1 - MagAp2.]
# - h17: ['Flag Value Identification:']
# - h17.1: ['    0 - Stellar Source (0.9 < CI < 1.23)']
# - h17.2: ['    1 - Extended Source (CI > 1.23)']
# - h17.3: ['    2 - Questionable Photometry (Single-Pixel Saturation)']
# - h17.4: ['    4 - Questionable Photometry (Multi-Pixel Saturation)']
# - h17.5: ['    8 - Faint Detection Limit']
# - h17.6: ['   16 - Hot pixels (CI < 0.9)']
# - h17.7: ['   32 - False Detection Swarm Around Saturated Source']
# - h17.8: ['   64 - False Detections Near Image Edge']
# - h17.9: ['  128 - Bleeding and Cosmic Rays']
# - h18: ['#=================================================================================================']
# schema: astropy-2.0
X-Centroid Y-Centroid RA DEC ID CI Flags MagAp1 MagErrAp1 FluxAp1 FluxErrAp1 MagAp2 MagErrAp2 FluxAp2 FluxErrAp2 MSkyAp2 Bck Area FWHM MagSegment FluxSegment FluxSegmentErr KronRadius Xmin Ymin Xmax Ymax X2 Y2 XY CXX CYY CXY Elongation Ellipticity Theta
[from data line 1543]
2474.1201837182784 3072.290336047581 53.17102636124139 -27.79054959524663 1544 1.7530904626912758 1 30.30571451288635 0.205425334003673 0.03021011033640486 0.005716056006395673 28.552624050195075 0.1276929589941289 0.15184080464320449 0.017858525965681354 0.0665727724530259 0.06361082 10.0 2.353937153106987 28.809773567574833 0.11981982737779617 0.34629154 3.9679187735242625 2473 3070 2475 3074 0.4730769286337053 1.5254236337941838 -0.32408558314713454 2.4738822122924176 0.7672207069991939 1.051182821147095 2.0595108855472946 0.5144478201025581 -74.18493372128633
3149.299269433282 3080.9399404781902 53.160426235542985 -27.79042967550045 1545 1.871742223378 1 26.90796593228819 0.019953944094840862 0.6906400251043585 0.012693186377997474 25.03622370891019 0.011155773188851468 3.8721184403722946 0.03978675055831501 0.06818373385830559 0.06361082 191.0 7.335258205203161 24.090104570891068 9.255423344671726 3.0425804 3.6191545171945227 3141 3070 3156 3089 8.470547004166537 10.935870004387896 5.568052277135523 0.17744510652784612 0.1374428477021375 -0.18069410647209522 1.9624440702916655 0.49043133756602986 51.24143715345748
3836.3802236999627 3071.8412595702493 53.14963924762993 -27.790555433087107 1546 1.7226744203808622 1 29.512326441735897 0.09968725225568996 0.06273465874325224 0.005760196878800047 27.789652021355035 0.06372634951507525 0.30660364110656446 0.01799643621235297 0.06560001398126283 0.06361082 19.0 2.7252002996393787 27.798698856091715 0.3040594980120659 0.5515848 3.89771780234631 3835 3070 3838 3074 1.0902258741889186 1.5883959544229471 -0.1433733315595062 0.9282598359664171 0.6371288521120707 0.16757497381531128 1.2435579002769415 0.19585569777064726 -75.03763615490834
3493.2462102915265 3076.4951061059605 53.155026363389965 -27.790491207164578 1547 2.0319290124059677 1 29.00436293606364 0.07059270619219657 0.1001596831912751 0.006512428007575916 26.972433923657672 0.0339881075841578 0.6508254796902009 0.020374252944848167 0.06615727649293315 0.06361082 75.0 6.002900532234723 26.06571115436927 1.5002155229449272 1.225133 3.9004840265560525 3487 3071 3498 3082 6.436144315666299 6.560667837127104 -4.303829297779537 0.2767927162347829 0.27153910416419386 0.36315467605349433 2.2188862791354818 0.5493234559142806 -45.414408546333505
858.8880598244696 3072.83634147094 53.19638506140668 -27.790538218523857 1548 1.7027370351798865 1 30.11536933877748 0.16900688014664522 0.03599899537715012 0.005603829692461679 28.412632303597594 0.11002763460293083 0.17273692937029517 0.01750560536721664 0.06488906895205127 0.06361082 7.0 1.910570496070484 29.133742985721735 0.08890801668167114 0.2982895 3.862553513131381 857 3072 860 3074 0.9237360233979649 0.39282405317415975 -0.15610887685153704 1.1604992271199697 2.7289442501142886 0.9223683197039646 1.660758930808277 0.39786564958388715 -15.229428649857192
1774.4595636956574 3075.9869363532503 53.18201083354259 -27.790497178775354 1549 1.8907547046179118 1 29.062502950534633 0.07246364213208713 0.09493731313597911 0.006336468162537979 27.17174824591672 0.03968489037190459 0.5416750327287003 0.019799497366709315 0.06653899412106329 0.06361082 41.0 3.861740711094175 26.76364255241373 0.7888257801532745 0.8883849 3.8849707235714823 1771 3072 1778 3079 2.638142467487329 2.7406002216465053 0.15126914904810684 0.38025805554554437 0.3660420505753904 -0.041977163999866035 1.0612579656328807 0.05772203141613119 54.35460362577717
3815.1354865748153 3079.906539155981 53.14997279758998 -27.790443446821335 1550 2.4941819968769465 1 29.853542986403706 0.14614890633240823 0.04581639581330085 0.006167464437880305 27.35936098952676 0.04598811889532376 0.45571541662245973 0.019303209691503804 0.06818427869327551 0.06361082 84.0 6.875816726463493 26.004688265300697 1.5869484171271324 1.2600682 3.91995112582665 3811 3072 3819 3086 3.267961662870513 13.783559638032521 -1.496997043397636 0.3220221283912912 0.07634863546242254 0.0699479940987416 2.1387404259063656 0.5324350781950478 -82.05366095933235
4818.6177582127475 3074.0994264793344 53.13421839431447 -27.790521738657244 1551 1.6485434281732196 1 29.444947204923363 0.080745391366494 0.06675122415058113 0.0049644042721113 27.796403776750143 0.05527937735260222 0.3047029128243668 0.015514218751455493 0.06498940363016031 0.06361082 20.0 2.799633099033266 27.851630686598302 0.289591521024704 0.5383192 3.9472202493911963 4817 3072 4821 3076 1.2460181893448752 1.5809230826627814 0.03569084463937383 0.803075822464078 0.6329511493550506 -0.03626040346621543 1.1294465735276442 0.11461062130928312 83.98400519919933
1611.7307877799713 3076.670186528997 53.18456562776925 -27.790487314706258 1552 1.7018038390355912 1 28.71607699909502 0.05436565467387065 0.13061928946040013 0.006540667941927297 27.014273160059428 0.03542388512090973 0.6262227666706381 0.020432203506160946 0.06519935032573798 0.06361082 40.0 4.048657477946529 26.687575766343233 0.8460729494690895 0.9200353 3.8992569578081557 1609 3073 1615 3081 2.5054155823238196 3.406614298722042 1.398546091900022 0.5177970300779413 0.38081703236111525 -0.4251511614241776 1.725308528692651 0.4203935218718545 53.92924402751444
2279.740447735314 3076.7903242630114 53.17407806387673 -27.790486883946325 1553 2.0370281324422876 1 29.373978533814647 0.10244317726843588 0.0712601452233868 0.00672387923855015 27.33695040137236 0.04911284850869238 0.46521954912725083 0.021044724361765535 0.06766099289218727 0.06361082 81.0 6.941280876007953 25.960722468802924 1.6525291502475739 1.2858162 3.9085573884777176 2273 3073 2286 3081 13.514096380760135 3.863663188539187 -4.359889324396029 0.11635688601508351 0.40698634830213826 0.2626021577977839 2.636410761615029 0.6206964352598023 -21.049907048937758
5359.131504143157 3074.2893567702995 53.12573248079482 -27.790517087797138 1554 1.3338332953779357 1 29.78313339935325 0.10220005995522 0.04888602852721041 0.004601782303079579 28.449300103975315 0.09346848392206737 0.16700061673886557 0.014377170913357272 0.0646089374461547 0.06361082 7.0 1.7412389643747412 28.937703045103365 0.10650178790092468 0.32645124 3.8760060380931742 5358 3073 5360 3075 0.6410072277710014 0.4525242818744502 -0.16392450937941136 1.7193165882280672 2.4354369566991285 1.2456265419647181 1.434319953339909 0.30280548794469897 -30.05253499536031
335.03552088828127 3075.5148374131763 53.204609385796964 -27.79049879279835 1555 1.4647947793685674 1 30.08508458423704 0.1800686026033787 0.037017261157035714 0.006139492022429538 28.620289804868474 0.14597203093706204 0.14266656166553715 0.01918147531834398 0.06696832081188961 0.06361082 10.0 2.080649174010732 28.65947004279543 0.1376100331544876 0.37109038 4.0501287237483785 334 3074 336 3077 0.5762350795567711 0.9851580511973506 -0.2751194096750405 2.002386572319845 1.1712287022389603 1.1183899092096161 1.6017080820644876 0.3756665080249384 -63.30937876916129
3627.509534554859 3076.6563469202497 53.15291846700569 -27.7904888318359 1556 1.6198400571340201 1 29.896621495807462 0.14548054038326713 0.04403413994134961 0.005900442547646631 28.276781438673442 0.10226638912192977 0.1957607143525535 0.018439478114364166 0.0666277967903712 0.06361082 13.0 2.534369119394433 28.276967089096072 0.19572724401950836 0.4425547 3.8735229732298904 3626 3075 3629 3079 0.7650186760023481 1.5515985639867824 0.511966162994966 1.6775987680695754 0.8271433205726334 -1.1070824944911188 1.8757133501981944 0.4668694979996082 63.765648213511454
4358.182840994904 3077.278494977008 53.1414471032869 -27.79047889076723 1557 1.5314641407932115 1 29.960097939594032 0.17741941260062277 0.041533539249567375 0.006787193641782402 28.42863379880082 0.13518874555961813 0.17020981398201385 0.021194115532987383 0.06713930779955532 0.06361082 11.0 2.4415324353313155 28.41991551535688 0.17158207297325134 0.4143548 3.9659097196367328 4357 3075 4360 3079 0.8206993118277233 1.329306054983162 0.6225918847925946 1.889990937502355 1.1668601492892945 -1.770386910688402 2.0837308211306342 0.5200915637186769 56.10900526328559
3575.2099984897595 3078.3007284412893 53.15373955698562 -27.79046604993358 1558 1.4824028685016373 9 30.60956522042053 0.44754516982390363 0.022835579039079956 0.009413238554915918 29.127162351918894 0.35710797856597437 0.08944852342659715 0.029421369979352775 0.06941481582385159 0.06361082 15.0 3.3392124773991356 28.30188636810826 0.19128616899251938 0.4375308 3.933967433681577 3573 3076 3577 3081 1.3938328716914088 2.62780217276282 1.104156090882412 1.075400673760348 0.5704115876235527 -0.9037287634351242 2.095500930483621 0.5227871362628269 59.59787795254638
3566.987927178828 3081.201786530922 53.15386864452995 -27.790425765937687 1559 2.4565453860791067 1 30.100749762383163 0.2128361686112642 0.03648700461858839 0.007152762519224329 27.644204376304057 0.06922050419199258 0.35055516160339084 0.022350193454261903 0.06896901232390681 0.06361082 69.0 5.41803104484665 26.435850954106794 1.066836178302765 1.0332049 3.940707267440246 3562 3077 3571 3085 5.055615239308761 5.531984777764155 -1.344506293962319 0.21146820229955485 0.19325828054916538 0.10279143576369751 1.3019874027472698 0.23194341366902516 -50.02297678254345
3102.516298076235 3082.1879960863102 53.161160714973214 -27.79041235267296 1560 2.063401628786586 1 29.94510082890631 0.17702103388981213 0.04211121627045661 0.006866142620018151 27.881699200119723 0.08269352859181721 0.28168157251266956 0.02145458521724645 0.06800066384744319 0.06361082 46.0 4.747880289996973 26.983080997907468 0.6444744691252708 0.8030725 3.830312790972793 3098 3078 3107 3087 5.105131085689017 3.0253092740089547 -1.4200021763316293 0.2252953167371781 0.38018001492158077 0.21149562646874673 1.5896745302271882 0.37094041516971077 -26.891772231814073
1153.567877079402 3079.8793493018366 53.19175864394961 -27.790441436269308 1561 1.2823140708727365 1 29.727853095041734 0.1187723237737621 0.051439516589453615 0.005627328837734541 28.445539024168998 0.11390391613095066 0.167580123806496 0.017581313776613657 0.06449914594389955 0.06361082 7.0 1.750694078283772 28.9361313029227 0.10665607452392578 0.32668746 3.9562317120272943 1152 3079 1155 3081 0.7248134714042499 0.3806262684147605 0.07862111639315024 1.4112857794173397 2.687462820638225 -0.5830226273645467 1.4286189867535788 0.30002330273348865 12.276666656051933
1483.5035538312316 3090.148012856319 53.186578718394735 -27.790299794504044 1562 2.4668693236023387 1 27.909686893142226 0.06277425348026093 0.274513280248643 0.015872125115617777 25.442817569539887 0.02028008565522122 2.662631642298502 0.049736020792222495 0.07084980260430676 0.06361082 283.0 8.956229320012362 24.00287710729678 10.02968454360962 3.1674056 3.7668819820550516 1473 3080 1496 3098 20.565943050216383 8.365157689402059 -2.610271794582464 0.05062924212720713 0.12447321962417016 0.031596794134117895 1.6415923387195548 0.39083536368109395 -11.582698750730936
4166.348011829595 3081.8242989500745 53.14445886651247 -27.79041618765244 1563 2.17128953656902 1 29.597131758122895 0.12810720285460894 0.05802102721379801 0.006846192781717607 27.425842221553875 0.05422705025708027 0.4286484207194061 0.021409541726968153 0.06576294236482227 0.06361082 62.0 6.428790177590244 26.443474302769342 1.0593717694282532 1.029553 3.924080565579415 4158 3080 4173 3085 13.384455420011632 1.5219541805055723 0.9619329379848431 0.07826883604155202 0.6883162188406743 -0.09893776352858928 3.0528235445683505 0.6724343921615707 4.606023957218051
1361.9518441978494 3082.2282814130303 53.18848706842462 -27.790409452729268 1564 1.713237429782005 1 30.163637873453855 0.17250552396655497 0.03443364258242965 0.005471118684497656 28.45040044367185 0.11128316910700514 0.16683145564422164 0.01710005811073385 0.06545232251747368 0.06361082 8.0 2.099722194564218 28.965630054597202 0.1037973091006279 0.32229757 3.946427248518113 1361 3081 1364 3083 0.9364974271597787 0.6536530553048495 0.3490064710517759 1.3330638700812782 1.9098983389415094 -1.4235316830782916 1.673201908547836 0.40234349788191714 33.97076851174439
3768.6608545577174 3084.917396822309 53.15070244378781 -27.790373917701253 1565 1.4015993973432685 1 29.791502398507664 0.12892998296803168 0.04851065707874852 0.005760779396639101 28.389903001164395 0.11075162868005235 0.17639120055559943 0.017993564286969136 0.06517967914004583 0.06361082 9.0 1.8998804048863878 28.695748530087815 0.13308794051408768 0.3649331 3.9419077384362873 3767 3084 3770 3086 0.7733337755895314 0.5285345916580149 -0.12706328270174028 1.3462811384584845 1.969832613118208 0.6473101423895313 1.3204643740055462 0.2426906627048464 -23.035507884758733
1163.2117799068278 3087.0963197227634 53.191607211031 -27.790341231924675 1566 1.708738103647903 1 30.123367897822245 0.16723336603912634 0.0357347672256747 0.005504324774591721 28.414629794174342 0.10827290079342794 0.1724194275807125 0.017194760594368714 0.0657737597065457 0.06361082 10.0 2.085964489474384 28.739652180036256 0.1278136521577835 0.35764742 3.8660477455222733 1162 3086 1165 3088 0.9158584176433017 0.6535225065613735 0.16619167101301544 1.1446943479222664 1.604195637713455 -0.5821946897631134 1.3187185041126734 0.24168805026902218 25.85874122534144
1396.330047910985 3105.9465571644937 53.187947264921846 -27.790080130528906 1567 1.9499997113880312 1 25.069018140039528 0.03440606177880109 3.7569105994658893 0.11905728855361151 23.119018428651497 0.017856471311343887 22.637618939759943 0.37232015580266964 0.10662735811717006 0.06361082 1077.0 12.847807349527386 21.613328322003635 90.5955337062478 9.5187235 3.5 1375 3086 1417 3127 34.060845173228564 25.474185163771594 1.900814485356537 0.029481991189812363 0.03941957439890152 -0.0043997321641868915 1.1724083977853155 0.1470548983707347 11.940363626724933
4014.152549733568 3088.389756334661 53.146848304345596 -27.79032529786035 1568 1.3783374299045121 1 30.128848887414126 0.19846159274798844 0.03555482632991319 0.006499279233041068 28.750511457509614 0.17424027194778924 0.1265416618281916 0.020308237606769166 0.06674665838174854 0.06361082 8.0 2.068165508872116 28.775203083441706 0.12369634956121445 0.35181642 3.9388210494994644 4013 3087 4015 3090 0.6040754795979587 0.9386374867279376 -0.41634346447317067 2.384349839577696 1.5344872682351003 2.115211648293271 1.9445237451341617 0.485735259082164 -55.94478711185327
1793.8258632029674 3090.2927468430566 53.18170675374486 -27.790298528412297 1569 1.3702709062985718 1 30.06845799304727 0.1611097495109116 0.03758849343985532 0.0055778509372641 28.6981870867487 0.14250155248250662 0.13278936126903274 0.01742902287371981 0.06636346304477686 0.06361082 7.0 1.745791724869544 29.1385335677634 0.08851659297943115 0.2976327 3.9356861597250914 1793 3089 1795 3091 0.6361599121851529 0.4630975154223871 0.17572376899808956 1.7559848647908596 2.412207235370126 -1.3326276581864536 1.4516876769986886 0.31114659451579596 31.891550807640844
497.97727476887394 3093.3194109341935 53.20205115778393 -27.790252251174476 1570 1.7034126273082748 9 30.598869247215266 0.3594211737536324 0.023061652178642283 0.007634563963107325 28.89545661990699 0.23381691962326367 0.11072749339531907 0.023846330867918188 0.06954586926243594 0.06361082 21.0 3.4867421393675833 27.984078842684266 0.25633421540260315 0.50649786 3.953184585558168 496 3090 500 3096 1.228722995567164 3.1561216259678107 -0.42370568770620476 0.8533580952010474 0.3322244321637602 0.22912467986777396 1.6874232560122426 0.40738045630399633 -78.13327353063649
