606fw/HST/hst_10086_87_acs_wfc_f606w_j8wc87/hst_10086_87_acs_wfc_f606w_j8wc87_point-cat.ecsv
# %ECSV 1.0
# ---
# datatype:
# - {name: X-Center, unit: pix, datatype: float64, format: 10.3f, description: Pixel Coordinate}
# - {name: Y-Center, unit: pix, datatype: float64, format: 10.3f, description: Pixel Coordinate}
# - {name: RA, unit: deg, datatype: float64, format: 13.7f, description: Sky coordinate at epoch of observation}
# - {name: DEC, unit: deg, datatype: float64, format: 13.7f, description: Sky coordinate at epoch of observation}
# - {name: ID, unit: '', datatype: int64, format: 7d, description: Catalog Object Identification Number}
# - {name: MagAp1, unit: mag(AB), datatype: float64, format: 7.3f, description: ABMAG of source based on the inner (smaller) aperture}
# - {name: MagErrAp1, unit: mag(AB), datatype: float64, format: 7.3f, description: Error of MagAp1}
# - {name: FluxAp1, unit: electron / s, datatype: float64, format: 10.4f, description: Flux of source based on the outer (smaller) aperture}
# - {name: FluxErrAp1, unit: electron / s, datatype: float64, format: 10.4f, description: Flux of source based on the outer (smaller)
#     aperture}
# - {name: MagAp2, unit: mag(AB), datatype: float64, format: 7.3f, description: ABMAG of source based on the outer (larger) aperture}
# - {name: MagErrAp2, unit: mag(AB), datatype: float64, format: 7.3f, description: Error of MagAp2}
# - {name: MSkyAp2, unit: electron / (pix s), datatype: float64, format: 7.3f, description: Sky estimate from an annulus outside Aperture
#     2}
# - {name: StdevAp2, unit: electron / (pix s), datatype: float64, format: 7.3f, description: Standard deviation of sky estimate from annulus
#     outside Aperture 2}
# - {name: FluxAp2, unit: electron / s, datatype: float64, format: 10.4f, description: Flux of source based on the outer (larger) aperture}
# - {name: FluxErrAp2, unit: electron / s, datatype: float64, format: 10.4f, description: Flux of source based on the outer (larger) aperture}
# - {name: CI, unit: mag(AB), datatype: float64, format: 7.3f, description: Concentration Index}
# - {name: Flags, unit: '', datatype: int64, format: 5d, description: Numeric encoding for conditions on detected sources}
# meta: !!omap
# - h00: [' #==================================================================================================']
# - h01: [' # All refereed publications based on data obtained from the HAP must carry the following footnote: ']
# - h02: [' #                                                                                                  ']
# - h03: [' #     Based on observations made with the NASA/ESA Hubble Space Telescope                          ']
# - h04: [' #     and obtained from the Hubble Advanced Products collection generated                          ']
# - h05: [' #     by the Space Telescope Science Institute (STScI/NASA).                                       ']
# - h06: [' #                                                                                                  ']
# - h07: [' # One copy of each paper resulting from data obtained from the HAP should be sent to the STScI.    ']
# - h08: [' #==================================================================================================']
# - {WCSNAME: IDC_4bb1536oj-FIT_SVM_GSC242}
# - {WCSTYPE: undistorted a posteriori solution aligned by visit to GSC242}
# - {Proposal ID: 10086}
[...]
# - h10.4: ['the selected aperture. For details, see Whitmore et al., 2016 AJ, 151, 134W.']
# - h10.5: [' ']
# - h11: ['The X and Y coordinates in this table are 0-indexed (i.e. the origin is (0,0)).']
# - h12: [RA and Dec values in this table are in sky coordinates (i.e. coordinates at the epoch of observation]
# - h12.1: [and an undistorted a posteriori solution aligned by visit to GSC242).]
# - h13: [Magnitude values in this table are in the ABMAG system.]
# - h14: ['Column titles in this table ending with Ap1 refer to the inner photometric aperture ']
# - h14.1: ['(radius = 1.000000000000064 pixels, 0.05 arcsec.']
# - h15: ['Column titles in this table ending with Ap2 refer to the outer photometric aperture ']
# - h15.1: ['(radius = 3.000000000000192 pixels, 0.15 arcsec.']
# - h16: [CI = Concentration Index (CI) = MagAp1 - MagAp2.]
# - h17: ['Flag Value Identification:']
# - h17.1: ['    0 - Stellar Source (0.9 < CI < 1.23)']
# - h17.2: ['    1 - Extended Source (CI > 1.23)']
# - h17.3: ['    2 - Questionable Photometry (Single-Pixel Saturation)']
# - h17.4: ['    4 - Questionable Photometry (Multi-Pixel Saturation)']
# - h17.5: ['    8 - Faint Detection Limit']
# - h17.6: ['   16 - Hot pixels (CI < 0.9)']
# - h17.7: ['   32 - False Detection Swarm Around Saturated Source']
# - h17.8: ['   64 - False Detections Near Image Edge']
# - h17.9: ['  128 - Bleeding and Cosmic Rays']
# - h18: ['#=================================================================================================']
# schema: astropy-2.0
X-Center Y-Center RA DEC ID MagAp1 MagErrAp1 FluxAp1 FluxErrAp1 MagAp2 MagErrAp2 MSkyAp2 StdevAp2 FluxAp2 FluxErrAp2 CI Flags
2938.0603390640363 178.19547665544886 53.16374647203714 -27.830748493580636 1 29.6126011368876 0.2726169961365674 0.05720021508681436 0.014362854209572527 27.691337901100805 0.14516325010388056 0.07436908211927773 0.00806015340577962 0.33566260148709537 0.0448796851526116 1.921263235786796 1
2924.805006019845 180.08191282281277 53.16395465390781 -27.830722291729025 2 29.681206253755708 0.2851465854934631 0.05369769145233075 0.014103079457044886 27.383138477344 0.10728428605883755 0.07638044463375868 0.007914653025910576 0.4458437938814406 0.04405639966872421 2.298067776411706 1
2919.6850699695146 180.18093425786697 53.16403506521619 -27.83072091582247 3 29.315622536405773 0.21144253657917067 0.07519502395842173 0.014644401403610757 27.24619544883471 0.09836111141222559 0.06450546851427733 0.008216617083349148 0.5057780026883463 0.04582194572375551 2.0694270875710643 1
2925.3353759997826 184.14946218259567 53.16394632364324 -27.83066579807455 4 29.743355941958907 0.405054869769313 0.05071024862326762 0.018919068943600577 27.783626628098364 0.20809468059228062 0.06871304668586803 0.010617651487952426 0.30830989643691753 0.05909334938056504 1.9597293138605423 1
3014.1566049192033 242.06030415940293 53.162551342566374 -27.82986148426331 5 29.055221417252536 0.06536669228742814 0.09557615383450405 0.005754349302492328 27.288830350083114 0.04012175852226667 0.067098936072303 0.003229201950612478 0.48630191141580426 0.0179711594904132 1.7663910671694225 1
2991.063712812107 264.503969397877 53.16291402594494 -27.829549767377237 6 28.800842207472986 0.05921407646356746 0.12080954081367953 0.006588952185013994 27.00420729575576 0.03542880765186539 0.06619747427425215 0.003696469847555741 0.6320554759754577 0.020625377068842883 1.7966349117172271 1
2830.287122502053 306.839399109242 53.16543906716358 -27.82896175310703 7 29.58597347230894 0.19525538810280343 0.05862039326900351 0.010542458909899828 27.694712870581167 0.10704384171221515 0.0689756471584452 0.00591492131983854 0.33462082712086305 0.03299170935980121 1.8912606017277724 1
2919.169820455392 307.53133696668806 53.164043139577714 -27.828952160949004 8 29.6310819479915 0.1077695309815701 0.056234823631569425 0.005582021338864835 27.843604729926138 0.06489291525934622 0.06555998966855517 0.0031323658786859884 0.29174016526241253 0.017437477960874456 1.7874772180653622 1
2827.534987866939 316.76994055096105 53.165482286980506 -27.82882382819446 9 29.06262091633479 0.17528803537691892 0.094926998708152 0.015326118732411605 26.919187996438385 0.07614814455271829 0.07135730304738933 0.008599454323432747 0.6835384008350633 0.047941586952309385 2.143432919896405 1
2896.9841996316354 328.6250099285062 53.16439156698649 -27.82865919019244 10 27.436411740536865 0.015891564540017358 0.424495822224783 0.006213413241091345 26.049111272272345 0.013844768488565038 0.06616907270309422 0.0034863596030366576 1.5233286413777944 0.019425377518537235 1.3873004682645202 1
2824.4148606428894 354.2227999205483 53.1655312769947 -27.8283036489026 11 29.13246657701055 0.18442060308493774 0.08901259981966056 0.015119975445242718 26.96032042210766 0.07798167010402002 0.07237028083071165 0.008484424823919914 0.6581273628471189 0.04727076623005683 2.17214615490289 1
2931.4870881333236 406.38567772014767 53.16384968202527 -27.827579185951812 12 29.12939189314999 0.10639327414001523 0.08926503083602863 0.008747535135723041 27.204024540517292 0.056476388729143664 0.06788018705426818 0.004908367180629025 0.5258093450194594 0.02735176657155329 1.9253673526326978 1
3003.4156533789064 412.39195992718123 53.162720038447645 -27.82749576818081 13 29.318983844333207 0.08757090194401003 0.0749625892425683 0.006046367829078059 27.617058681625775 0.05703874157413532 0.06589650121903179 0.0033931060529377418 0.35943026572195347 0.01888316297359979 1.7019251627074325 1
3029.299380721459 422.1121435428083 53.16231353357718 -27.82736076443469 14 29.21530369597779 0.07053166016131945 0.08247392020250977 0.005357854390619137 27.509991163214263 0.04580901797044391 0.06536590830754427 0.0030065481050223237 0.39668123011613954 0.016737199593744156 1.7053125327635286 1
3028.865420468178 447.7156114491296 53.16232035098066 -27.827005160880848 15 26.675198615191636 0.007338249028945296 0.8557731780112253 0.005784173061193979 25.406610531741475 0.007128877084538737 0.06735435421642375 0.0032456506466388363 2.7529219837505092 0.018076119043457607 1.2685880834501617 1
3080.326514328603 450.5366361573626 53.161512155257554 -27.826965974018123 16 29.021011038951432 0.05917818063958216 0.09863560233719254 0.005376324484299873 27.629610152450784 0.051327482565013495 0.06534635630391894 0.003016860759296598 0.35529905765078906 0.016797095133956524 1.391400886500648 1
2565.89481677161 453.47889916393854 53.169591297227264 -27.826924957412455 17 29.26104581934636 0.07105135191287679 0.07907146565258427 0.005174665683290701 27.798438835808827 0.05771357398904862 0.06611098698815521 0.002903677228459324 0.30413232519074485 0.016167047483059267 1.4626069835375333 1
2968.9220614590226 464.8689750123248 53.16326176045568 -27.826766920840633 18 28.424615856980193 0.03483697634800613 0.17084086977408672 0.005481789941597728 26.840840461029348 0.025302644740311065 0.06590226841335362 0.003076164073421088 0.7346862843390218 0.017122138756755483 1.5837753959508447 1
2556.643384052082 470.70380209156787 53.169736575870616 -27.826685715705153 19 28.3317664482208 0.03433583401930912 0.1860936427976619 0.005885309414340167 26.614467138584114 0.02206733127075038 0.06596415971255384 0.003302351069143059 0.9050055888037143 0.018394637680770067 1.7172993096366866 1
2799.8661337974972 508.7248636513619 53.165916760520865 -27.82615778000849 20 28.732336966286372 0.05160457786955181 0.12867771197620204 0.006116200615042532 27.009349378295315 0.03298811098280567 0.0662283486597342 0.0034319940316819638 0.6290691176852574 0.019113753219173725 1.7229875879910566 1
2657.3689262402636 520.6562078309532 53.1681546530934 -27.825992000964142 21 29.609799435930153 0.0899634470535465 0.05734800867087539 0.004751979867079878 28.040196421084676 0.06625268021908295 0.06490611737144406 0.0026662415901019484 0.24342184408285572 0.01485433323603289 1.5696030148454767 1
3006.349507427186 528.7233607916402 53.16267396607526 -27.825880054800468 22 28.874562413541117 0.09627915557322185 0.11287899944346291 0.01001003476869005 26.903758431611063 0.048986535529979114 0.06676562423881602 0.005617243482302477 0.6933216213575655 0.03128251288416239 1.9708039819300538 1
2874.608075669386 559.029867629329 53.164742936254605 -27.82545911983185 23 29.16734686230569 0.08396707065329724 0.08619843316250364 0.006666510018936597 27.633189427598037 0.06393287746071886 0.06519876274100522 0.0037403509124909373 0.35412969515147164 0.020853394496933554 1.5341574347076516 1
2638.7112098079488 564.9409959465531 53.168447638554355 -27.825376923369635 24 29.42486992271129 0.08611411187410883 0.06799706188971835 0.005393300722742846 27.97793947226967 0.07094759085900922 0.06598242452821215 0.0030264969466075784 0.25778778071082264 0.016845741912428325 1.44693045044162 1
2623.892896827916 576.3782698190209 53.16868034821558 -27.825218062974294 25 29.190688470917852 0.072966272060957 0.08436508108073451 0.0056698954210017225 27.360829083346932 0.04226536749693289 0.06592430891437334 0.003181572101267037 0.4550996308851092 0.017716637328062675 1.8298593875709201 1
3234.5051017700753 588.4751002821397 53.1590908500482 -27.825050116622624 26 29.29570847341564 0.07404940867624048 0.07658694166244745 0.005223558756954922 27.76236752103549 0.056362580492672926 0.06516308894336428 0.0029310662874964476 0.3144062047608316 0.01632195359973121 1.5333409523801507 1
3325.720033895408 588.5243724647172 53.15765834577682 -27.825049385137127 27 28.99390470787051 0.059113130015545634 0.10112912123882464 0.005506179324075267 27.2842398584125 0.03825441798663786 0.06612889856508333 0.0030896310537248156 0.48836234814090407 0.017207347697078473 1.709664849458008 1
3501.7699816022027 590.2012031050542 53.15489353368664 -27.82502596302388 28 28.772556318604355 0.05204660475213454 0.12399825947914644 0.0059442648992021315 27.13237700866905 0.03587938944831445 0.06479430673706452 0.0033358564907962347 0.5616778700554876 0.018561903881570044 1.6401793099353057 1
3494.080360619591 606.4431519475754 53.15501431340473 -27.82480038743005 29 29.746927639142687 0.12583924119750237 0.050543703504878384 0.0058583230140604545 28.05241562334083 0.08260217580166472 0.06559162802737334 0.003287145237959396 0.24069765948498523 0.018312747889682214 1.6945120158018554 1
3467.3849466174697 609.5949123129933 53.15543355926967 -27.82475663631116 30 29.477924398433604 0.09112474045328547 0.0647542618682439 0.005434940873158152 27.780415854412293 0.05961079026147954 0.06554735411526794 0.0030498144173290564 0.30922298973137274 0.01697801122308603 1.6975085440213107 1
3065.6988821779983 619.0270679298195 53.16174190793308 -27.824625832139606 31 27.303680926566553 0.022058866452488887 0.4796956122083994 0.009746284837017572 25.60191253849258 0.014370033736363318 0.07008400679838778 0.005469717939828994 2.299710145683867 0.030438346115256667 1.7017683880739725 1
2874.0918921910898 620.2376543308678 53.164751028655125 -27.82460901186584 32 26.27981495914477 0.02200689139880121 1.2317203960038836 0.02496669152486496 24.54764300919278 0.013964683324131784 0.08376246795687878 0.014008608157723241 6.072687220180322 0.0781091958702407 1.73217194995199 1
3388.2164361243786 621.7254104960608 53.156676884331645 -27.824588218925506 33 29.63098810068554 0.10678464522695688 0.056239684586529004 0.005531486383207566 27.983141556892686 0.0730960813984909 0.06600551719733533 0.0031041669588844378 0.2565555971258824 0.01727291960095048 1.647846543792852 1
2723.2417130884587 626.4828096859625 53.16712007443933 -27.824522222547834 34 29.543835315020043 0.17025380698155876 0.06094021619210266 0.00955632661415189 27.198745725225837 0.061540636350687 0.067835667718421 0.00536052634664049 0.5283720383421904 0.029949665164859526 2.345089589794206 1
2870.955483748464 629.1328877794308 53.16480028273761 -27.824485466347106 35 29.869638986003846 0.31642254926209445 0.04514217938310722 0.013156492106152296 27.468183892478297 0.10945090963928421 0.07388889534693016 0.007372005707229932 0.41225369759090835 0.04155986202770867 2.4014550935255485 1
3397.403172079465 634.8779586444014 53.15653262067178 -27.824405538118302 36 28.744918059187075 0.054043668520564 0.12719524990571993 0.00633148929105188 26.959931567232207 0.03262120213430407 0.06778900682622072 0.003552947920780597 0.6583631124390039 0.019781335699219218 1.784986491954868 1
3468.3341560746217 645.913360002267 53.15541868717246 -27.824252212788874 37 28.79326302419528 0.04563889966993811 0.12165582464059313 0.005113970687147107 27.28059288207609 0.0353917637708877 0.06575565397538044 0.002869713707411362 0.49000551019869 0.01597325160116546 1.512670142119191 1
2543.823168834845 654.1319569113379 53.16993775272065 -27.82413809334322 38 27.635745740620887 0.036151659188063894 0.35329689480765947 0.011764086702853241 26.114314881287687 0.02783537895947212 0.06753905607342309 0.006601241870172242 1.4345383539995644 0.036778961697960064 1.5214308593332007 1
2817.8326926121954 655.482357351097 53.16563454751652 -27.82411948793991 39 27.200104961469155 0.012770804365056638 0.5277109817599803 0.006207325881319592 26.398171623398543 0.019113846632788197 0.06575981110334397 0.0034819904224311156 1.1045095295273972 0.019444990100248426 0.8019333380706115 16
2540.6309337080825 663.2517297529376 53.169987877224294 -27.824011427337446 40 29.982507093343447 0.2981502616839075 0.040685089833843724 0.011172764281655881 27.937721314658088 0.14206628092381235 0.06960386089491147 0.006267570042738319 0.2675158944636513 0.0350050550008824 2.044785778685359 1
2569.322499291277 667.155308207881 53.16953728544918 -27.823957233126073 41 29.237405438796618 0.1012554677716862 0.0808120159877099 0.007536758294564382 27.63073064888098 0.07202762354129344 0.06885677188330766 0.00422938840170175 0.3549325727107484 0.023546974053378047 1.6066747899156368 1
2551.7635255017203 670.0250177126596 53.16981303879373 -27.823917362687666 42 28.106356771773786 0.039035853707094254 0.22903160044521859 0.008234727870757312 26.4394472257413 0.026297755405753024 0.06947844319201849 0.004620424994028876 1.0633083548201914 0.025755386419779903 1.6669095460324854 1
3016.482120196817 673.0029299511236 53.16251484298118 -27.823876172167523 43 30.183758971411375 0.25089900248806873 0.033801387516457726 0.007811305526933684 29.867397412213375 0.5858172130008367 0.06752944991958834 0.004383393213604396 0.04523547465487221 0.024407957714918688 0.31636155919800046 8
2501.984300224754 675.2476661415612 53.17059479396365 -27.82384478503202 44 28.266797628233828 0.04394933417152341 0.19756911993873702 0.007997634037175409 26.698754228705578 0.03248174010657727 0.0690866881608963 0.004486406647696342 0.8374066880652626 0.02505335397001518 1.56804339952825 1
3020.6506354013995 683.6969580053872 53.16244937902883 -27.82372764382935 45 29.95764834616467 0.1830584481527388 0.04162735130251902 0.007018732918990532 28.421471150653783 0.13904607464512145 0.06725105279766563 0.003938295554360729 0.1713364074062207 0.0219431287589871 1.5361771955108878 1
3393.206214662951 727.9384305351421 53.156598607745764 -27.823113035005065 46 30.078229762608554 0.20419675680234667 0.03725170984514228 0.007006243286101227 28.233606108981842 0.11676112546680185 0.06659988029342559 0.003931213182800908 0.20370217822308523 0.021907060504159973 1.8446236536267122 1
2886.4261836362125 729.0380556526483 53.164557300490095 -27.82309789804517 47 29.464621493075033 0.09872979581109892 0.06555253927209906 0.005961120767461898 27.95414249223722 0.07675748563306677 0.06574184615930465 0.003344959003354736 0.26350030346360764 0.01862910634375665 1.5104790008378117 1
3389.5428734145576 730.0241917804844 53.15665614011773 -27.823084068725446 48 29.918210033359106 0.15545737517657654 0.04316722224447403 0.006180955202901224 27.994980727531487 0.08264980540461148 0.0687459740032445 0.0034682725245734083 0.2537732406473914 0.019318696653223298 1.9232293058276184 1
2332.0930460557975 738.2210581723498 53.173262774613605 -27.822969982140954 49 28.83295688330858 0.05380747530374093 0.11728848140413212 0.005812836940744326 27.280722257165554 0.04025433999231328 0.06615963494022414 0.0032617377124351515 0.4899471251788432 0.018165697849503202 1.5522346261430258 1
3279.7307403685973 743.8923730943732 53.15838068500456 -27.822891522550893 50 28.383575741879913 0.033873453152649446 0.1774221427014259 0.005535507634742041 26.862476419276643 0.026064862220031498 0.0648384907257718 0.003106314596012109 0.7201907662893428 0.017289926402754556 1.5210993226032699 1
3141.930864458795 754.5584309141955 53.16054475275935 -27.822743437163076 51 28.133876103113014 0.029325643097230656 0.2232994613014925 0.0060315006962618 26.62107738020278 0.02274755313621984 0.06575918182374674 0.0033845196598380548 0.8995124205968119 0.01884655667699706 1.512798722910233 1
3225.479444149086 775.2232511266078 53.159232683960994 -27.822456396984002 52 29.569927213371958 0.09890726763526726 0.05949318657774991 0.005419829167652574 28.00370102161489 0.07313687384884808 0.065154686280569 0.003040653464202495 0.2517431765739562 0.016958376114394137 1.5662261917570675 1
3230.23139387468 775.7017275329184 53.15915805796806 -27.822449749465452 53 29.369337601707155 0.08711025128868054 0.0715653955345294 0.005741990963053027 27.966939304220997 0.07482241617734886 0.06525991777681403 0.0032219177804269075 0.26041284061615944 0.017946686873452977 1.4023982974861582 1
