606fw/HST/hst_10086_87_acs_wfc_f606w_j8wc87/hst_10086_87_acs_wfc_f606w_j8wc87_point-cat.ecsv
# %ECSV 1.0
# ---
# datatype:
# - {name: X-Center, unit: pix, datatype: float64, format: 10.3f, description: Pixel Coordinate}
# - {name: Y-Center, unit: pix, datatype: float64, format: 10.3f, description: Pixel Coordinate}
# - {name: RA, unit: deg, datatype: float64, format: 13.7f, description: Sky coordinate at epoch of observation}
# - {name: DEC, unit: deg, datatype: float64, format: 13.7f, description: Sky coordinate at epoch of observation}
# - {name: ID, unit: '', datatype: int64, format: 7d, description: Catalog Object Identification Number}
# - {name: MagAp1, unit: mag(AB), datatype: float64, format: 7.3f, description: ABMAG of source based on the inner (smaller) aperture}
# - {name: MagErrAp1, unit: mag(AB), datatype: float64, format: 7.3f, description: Error of MagAp1}
# - {name: FluxAp1, unit: electron / s, datatype: float64, format: 10.4f, description: Flux of source based on the outer (smaller) aperture}
# - {name: FluxErrAp1, unit: electron / s, datatype: float64, format: 10.4f, description: Flux of source based on the outer (smaller)
#     aperture}
# - {name: MagAp2, unit: mag(AB), datatype: float64, format: 7.3f, description: ABMAG of source based on the outer (larger) aperture}
# - {name: MagErrAp2, unit: mag(AB), datatype: float64, format: 7.3f, description: Error of MagAp2}
# - {name: MSkyAp2, unit: electron / (pix s), datatype: float64, format: 7.3f, description: Sky estimate from an annulus outside Aperture
#     2}
# - {name: StdevAp2, unit: electron / (pix s), datatype: float64, format: 7.3f, description: Standard deviation of sky estimate from annulus
#     outside Aperture 2}
# - {name: FluxAp2, unit: electron / s, datatype: float64, format: 10.4f, description: Flux of source based on the outer (larger) aperture}
# - {name: FluxErrAp2, unit: electron / s, datatype: float64, format: 10.4f, description: Flux of source based on the outer (larger) aperture}
# - {name: CI, unit: mag(AB), datatype: float64, format: 7.3f, description: Concentration Index}
# - {name: Flags, unit: '', datatype: int64, format: 5d, description: Numeric encoding for conditions on detected sources}
# meta: !!omap
# - h00: [' #==================================================================================================']
# - h01: [' # All refereed publications based on data obtained from the HAP must carry the following footnote: ']
# - h02: [' #                                                                                                  ']
# - h03: [' #     Based on observations made with the NASA/ESA Hubble Space Telescope                          ']
# - h04: [' #     and obtained from the Hubble Advanced Products collection generated                          ']
# - h05: [' #     by the Space Telescope Science Institute (STScI/NASA).                                       ']
# - h06: [' #                                                                                                  ']
# - h07: [' # One copy of each paper resulting from data obtained from the HAP should be sent to the STScI.    ']
# - h08: [' #==================================================================================================']
# - {WCSNAME: IDC_4bb1536oj-FIT_SVM_GSC242}
# - {WCSTYPE: undistorted a posteriori solution aligned by visit to GSC242}
# - {Proposal ID: 10086}
[...]
# - h10.4: ['the selected aperture. For details, see Whitmore et al., 2016 AJ, 151, 134W.']
# - h10.5: [' ']
# - h11: ['The X and Y coordinates in this table are 0-indexed (i.e. the origin is (0,0)).']
# - h12: [RA and Dec values in this table are in sky coordinates (i.e. coordinates at the epoch of observation]
# - h12.1: [and an undistorted a posteriori solution aligned by visit to GSC242).]
# - h13: [Magnitude values in this table are in the ABMAG system.]
# - h14: ['Column titles in this table ending with Ap1 refer to the inner photometric aperture ']
# - h14.1: ['(radius = 1.000000000000064 pixels, 0.05 arcsec.']
# - h15: ['Column titles in this table ending with Ap2 refer to the outer photometric aperture ']
# - h15.1: ['(radius = 3.000000000000192 pixels, 0.15 arcsec.']
# - h16: [CI = Concentration Index (CI) = MagAp1 - MagAp2.]
# - h17: ['Flag Value Identification:']
# - h17.1: ['    0 - Stellar Source (0.9 < CI < 1.23)']
# - h17.2: ['    1 - Extended Source (CI > 1.23)']
# - h17.3: ['    2 - Questionable Photometry (Single-Pixel Saturation)']
# - h17.4: ['    4 - Questionable Photometry (Multi-Pixel Saturation)']
# - h17.5: ['    8 - Faint Detection Limit']
# - h17.6: ['   16 - Hot pixels (CI < 0.9)']
# - h17.7: ['   32 - False Detection Swarm Around Saturated Source']
# - h17.8: ['   64 - False Detections Near Image Edge']
# - h17.9: ['  128 - Bleeding and Cosmic Rays']
# - h18: ['#=================================================================================================']
# schema: astropy-2.0
X-Center Y-Center RA DEC ID MagAp1 MagErrAp1 FluxAp1 FluxErrAp1 MagAp2 MagErrAp2 MSkyAp2 StdevAp2 FluxAp2 FluxErrAp2 CI Flags
[from data line 2095]
2870.0513164090044 5156.343715483916 53.16481340017357 -27.76160754437204 2096 29.308562731747653 0.07949574822384216 0.07568555917588704 0.005541752009235537 27.659815294697903 0.054392253995886895 0.0650970990374937 0.0031097640643936598 0.34555087635550974 0.01731168005455484 1.6487474370497495 1
2264.0196938930494 5158.677641604789 53.17432539632401 -27.76157467530934 2097 28.859812429971004 0.06982499602011903 0.11442295112270673 0.007358922452568178 26.956397629411025 0.037801596049822195 0.0675015214014135 0.004129431908598552 0.6605094946136751 0.022997433086910154 1.903414800559979 1
3725.3705965031227 5165.748740620536 53.15138870759949 -27.761476451448655 2098 28.746761489073915 0.066230334194872 0.12697947319751218 0.00774605595077832 26.876578709877872 0.03698989772672483 0.06686856664924157 0.0043463737401845445 0.7108969200425355 0.02422032271034085 1.8701827791960426 1
3540.353762673792 5170.915440203006 53.154292650713224 -27.76140490279505 2099 28.470731584165936 0.039139642113887346 0.16373649252792832 0.00590272425027752 26.77327284996377 0.025605065774666765 0.06634987693721967 0.0033123644702584415 0.7818599666049264 0.01843932566224362 1.697458734202165 1
3704.907866519566 5174.11515429043 53.1517098930084 -27.76136027761831 2100 26.3857525565198 0.007531388418365938 1.1172158643171246 0.007750010703999892 24.91278704361906 0.006060334986898633 0.06735759375953837 0.004348993446236297 4.338337143599928 0.02421642845751176 1.4729655129007426 1
3673.7210294270594 5183.345170727571 53.15219939910908 -27.761232121677505 2101 28.947433460326497 0.08677035135504088 0.10555157850147412 0.008435799532699722 27.29338844783415 0.05912010259273594 0.06706258934633486 0.004733609376487659 0.4842646160813846 0.02636987545801173 1.6540450124923467 1
3633.178389562575 5204.176690670447 53.15283576282111 -27.760942842823013 2102 29.17211288875269 0.09660841996087251 0.0858208795386805 0.0076365658762865395 27.42978657748645 0.06066661081007611 0.06716747923868976 0.00428524823262083 0.4270940150423257 0.02386510674208857 1.7423263112662397 1
2646.591875171809 5205.977581717955 53.16832068492124 -27.760918093877113 2103 29.423586625574917 0.13846224071049187 0.0680774792359688 0.008682104003807886 27.61404812710506 0.08171920006548619 0.06763783697382175 0.004872098403930923 0.3604282853224281 0.02712895934192101 1.8095384984698555 1
2640.202863517366 5214.796509926076 53.16842095716673 -27.76079560488367 2104 29.87484707997928 0.25346309789440996 0.044926158462829296 0.010488277885681012 28.454083086502383 0.2139457978317599 0.07155479902433137 0.005885950007115153 0.1662665487192143 0.032764142413618386 1.4207639934768963 1
2389.574038456181 5219.66630470142 53.1723546791556 -27.760727758191003 2105 27.78642894790372 0.08709922978899914 0.3075151648068213 0.024670105925312026 25.985722938146917 0.05187428920677291 0.06388199553414659 0.013842724258148326 1.614912296239075 0.07715983006233719 1.8007060097568015 1
2393.1677524202587 5224.213991170162 53.17229826886169 -27.760664599705734 2106 28.45517792172056 0.21714362432748033 0.16609897327761142 0.033220349133806615 26.461218088128927 0.10817985459816434 0.06140367512045236 0.018641819434600762 1.0421995500999648 0.10384544145904621 1.9939598335916315 1
2399.6505915179673 5223.96014674322 53.17219651832062 -27.760668132132174 2107 27.917465109050436 0.10531439760156158 0.2725536942891268 0.02643808430334306 26.16887530044178 0.065779974195892 0.060258489836871015 0.014835606982026567 1.3642312590373464 0.08265551903537431 1.7485898086086564 1
2642.793236844262 5224.586828873899 53.16838029333712 -27.76065962986822 2108 29.65009934218892 0.173475502160167 0.055258409403914494 0.008829308575035609 27.801247259612456 0.09874281811585217 0.07533831965597823 0.004954711379964657 0.3033466566857279 0.027588932253081587 1.8488520825764638 1
2396.198201987289 5227.502221899237 53.17225070079313 -27.76061893304141 2109 29.067308401091136 0.3151751325553862 0.09451805066080551 0.027438278664360397 26.72014756607334 0.11362268952774662 0.05671322762643388 0.01539328114900178 0.8210679314627269 0.08592792360484347 2.347160835017796 1
3453.997198563971 5229.976511558843 53.15564811697255 -27.760584688117692 2110 29.293244119728445 0.08667528885845761 0.07676097257989858 0.006128101198691032 27.597368829768424 0.05680046695603654 0.06539967188249268 0.0034387354104577204 0.3660080055884767 0.01914840713555596 1.6958752899600213 1
2686.2199279111815 5233.1546958832005 53.167698688274065 -27.760540656740087 2111 29.355060342851655 0.0821468243784062 0.07251268382808534 0.005486494154584712 27.838251990656783 0.0634604382435929 0.06394861930528203 0.0030788044438997044 0.2931820116107213 0.017136832404858172 1.5168083521948716 1
2640.4964130122594 5237.356099595806 53.168416334009294 -27.760482277524453 2112 29.439780738556284 0.16050613036833306 0.06706961620718954 0.00991533993064864 27.582091851079294 0.09066861860287363 0.06773359844119492 0.0055637936840208764 0.371194366266447 0.030999060903148072 1.8576888874769892 1
3657.828696137943 5243.796756809755 53.152448918180845 -27.76039253562812 2113 30.143010112497418 0.16340717512230804 0.03509409695702853 0.005281963016686394 28.173112653874394 0.08317712794115184 0.0645954509912911 0.002963952437911622 0.21537389142437569 0.016500121324665232 1.9698974586230236 1
3108.830522288898 5260.2075706297765 53.161065654091544 -27.760164991152966 2114 29.773568614608333 0.11516158951101017 0.04931859215499232 0.005231286234700333 27.955846786414416 0.06743892312751439 0.06459820803444263 0.00293550892683298 0.2630870080882435 0.016341811287013727 1.8177218281939176 1
2448.0565794581075 5264.545373226682 53.17143672226211 -27.760104497103985 2115 28.753126775881373 0.05656474866048787 0.1262372154446361 0.006576933188934049 27.11738977602776 0.039200408423812075 0.06653273262882728 0.0036903637186086326 0.5694848908554655 0.020561886628649065 1.6357369998536129 1
2685.4906150674024 5270.780497118418 53.16771011221832 -27.760018075934365 2116 28.222281976696966 0.028580311767783514 0.20583789216138912 0.005418542075707749 26.696377036300436 0.021906270881963796 0.06654457650976639 0.0030404457051894872 0.8392421778188401 0.01693346825354033 1.5259049403965292 1
3549.7653006470923 5290.125820275045 53.154145065685604 -27.75974919430946 2117 28.122868829925903 0.02811458737836288 0.2255748018960073 0.005841339668658186 26.614249346027737 0.02188083504059785 0.06530298252499064 0.0032780280413546694 0.905187146027371 0.01824283929547247 1.5086194838981655 1
2429.1052105812682 5304.349988267701 53.17173412560979 -27.759551636913688 2118 28.502927982280102 0.04472241531278502 0.15895233925874364 0.006547602957785978 26.649774690158115 0.025348778876570867 0.06680702796931995 0.0036743057635419455 0.8760486819414639 0.020453867848987315 1.8531532921219878 1
3321.1963605268274 5313.710326167223 53.157732535276374 -27.759421812585785 2119 29.119051600551405 0.06397819872514841 0.09011923083650522 0.00531055177251124 27.490999597478986 0.04461147670775822 0.06577424868639256 0.002980051551966399 0.403680970815687 0.016587274778400333 1.628052003072419 1
2423.785663452802 5327.354822079524 53.171817591171944 -27.759232120133472 2120 29.492623801317368 0.1383018403571541 0.06388348443239603 0.008137794478611009 27.220684494911307 0.053650364535286106 0.06761610360136108 0.004562688448106174 0.5178027095094164 0.025587458895218795 2.271939306406061 1
2419.841559870193 5326.726258639202 53.17187949541113 -27.759240846212684 2121 28.237767750361623 0.071381519725689 0.2029228795374696 0.013341570902180619 26.623804120365936 0.05076899208654955 0.06664075512453854 0.007480374711767543 0.8972562010068872 0.041957071906167605 1.6139636299956877 1
2929.916960790429 5332.363006280158 53.16387375502787 -27.759162842198712 2122 28.220369466731267 0.029733849406740016 0.2062007924143643 0.005647179984525344 26.699999498120302 0.02298994245109215 0.06824512327654977 0.0031671877202760373 0.8364467871704573 0.017711949433959415 1.5203699686109644 1
2938.461667420244 5333.500785391285 53.16373964405627 -27.7591470405494 2123 28.094319008713544 0.035165820475725196 0.2315850463153406 0.00750103911171389 26.701501024427177 0.030528507818508053 0.06994038013567169 0.0042080616014005595 0.8352908168806221 0.023487318995917883 1.392817984286367 1
3395.0723529883694 5334.594023242395 53.15657305124415 -27.759131713037 2124 29.787056187988963 0.13142416131482346 0.04870972093116613 0.0058963196290481796 27.844725069231725 0.06868165486021774 0.06497792459817398 0.003308346184022489 0.2914392824160057 0.018436522250719005 1.942331118757238 1
3384.448824406164 5342.344351693782 53.156739795711594 -27.759024077162074 2125 28.363539482240785 0.04169316436460976 0.18072670211933134 0.006940285618987886 26.498085834574535 0.023455851001725373 0.06750362972492602 0.0038926324880863322 1.00740425942644 0.021764321827033313 1.86545364766625 1
2949.04008412469 5348.248854960974 53.163573612555936 -27.758942207168726 2126 28.517970205129853 0.057523234635018926 0.15676533488822864 0.008305838759706082 26.954448840862906 0.04269766700523457 0.07030678850455876 0.004659219884972726 0.6616961080994257 0.0260227319538445 1.563521364266947 1
2792.5373138801997 5348.842696086408 53.16602994918165 -27.758933926534336 2127 29.023697401087954 0.06691699194346026 0.09839185674153594 0.0060643705304185835 27.593372180586396 0.055995847184598824 0.0648238875326656 0.0034030288311037316 0.36735778210557846 0.01894677187884049 1.4303252205015582 1
2844.989395443722 5362.287228159668 53.16520670126357 -27.75874721282693 2128 28.732926548770184 0.04910843669742243 0.12860785566137023 0.005817196959139394 26.924930764710876 0.029009332868789903 0.06649462958979688 0.0032644771967375126 0.6799325160755203 0.018167439151836242 1.8079957840593082 1
2690.561806451391 5373.608197325596 53.167630456680435 -27.75858991659996 2129 29.472743555665094 0.08314850217660645 0.06506399026898041 0.004982935743298349 27.981148791771286 0.06575182873697545 0.06557942684424126 0.002796115542138291 0.25702691281978196 0.015565984666592815 1.4915947638938079 1
3134.001929725914 5389.694429760405 53.160670617828764 -27.75836655723538 2130 28.885076712900013 0.051317412900028156 0.1117911519728868 0.005283994385523099 27.271618500764934 0.03626743348090081 0.06447286340030464 0.0029651453674711184 0.4940725392501544 0.01650432251265978 1.613458212135079 1
2838.216844635745 5390.421569061443 53.16531298886149 -27.758356456451878 2131 28.30742918251433 0.03141310816940442 0.19031211844417903 0.005506396944492495 26.817935017903086 0.02491212478651186 0.06645879827232826 0.003089524823744954 0.7503503845420034 0.017217299818842725 1.4894941646112443 1
2884.343790134638 5405.981362220023 53.16458901945228 -27.7581403587445 2132 29.74826590935133 0.11861849969423961 0.05048144209875813 0.005515366053381519 27.87523062994362 0.06599604507173695 0.0658089680101735 0.0030950643121987597 0.2833647765609586 0.017224790057713636 1.8730352794077092 1
2506.9269678323394 5409.339455222328 53.17051259192948 -27.75809352224216 2133 29.184490800264935 0.2458378934779389 0.08484803648027861 0.019212363041402787 27.133837213182336 0.11652617535691998 0.06325626624372852 0.010777488357536022 0.5609229783188214 0.06020282705471566 2.0506535870826 1
2503.4669886615516 5413.844640007545 53.17056689206324 -27.758030947285892 2134 29.730276956305648 0.8178735470487011 0.05132480808045459 0.038663721871930755 27.296022500575166 0.2714437787387878 0.07227824441457198 0.021698391126120743 0.4830911888029825 0.12078115295578404 2.434254455730482 9
3476.0624147273074 5423.16004448956 53.15530198306725 -27.757901565774215 2135 28.728972751772414 0.044658553652034756 0.12907704544153012 0.0053093802699610395 27.161193054320105 0.032913350595785866 0.06572076143941494 0.002979446686583256 0.5469667102220046 0.016581474714709818 1.567779697452309 1
2903.820727172489 5435.849736496623 53.16428332284534 -27.757725523640573 2136 29.2031037219749 0.07146332448653117 0.08340587211315234 0.005489970436496571 27.26171018567514 0.0373584942402938 0.06563511771494396 0.00308053402355511 0.4986020299816243 0.017156692516595105 1.9413935362997634 1
3069.619443642686 5437.122362163147 53.1616811138899 -27.75770784902455 2137 29.71164027422307 0.10941832014009086 0.052213403927004604 0.005262137741999508 28.07307789992655 0.07560113942081506 0.06487733447184302 0.002952665230705222 0.2361603352348709 0.01644468124689868 1.6385623742965194 1
3267.4900747651277 5449.926342962998 53.15857554401146 -27.757529953144523 2138 29.267291707679714 0.10464819978966056 0.07861789901154248 0.007577803815790048 27.387589276680604 0.05805235609527193 0.06550488710729746 0.004250784466260799 0.444019870609897 0.02374173311414047 1.8797024309991102 1
3248.413861544977 5450.202804060518 53.15887494458678 -27.75752612249191 2139 29.624293200591357 0.1854928196625492 0.056587542850298295 0.009668032496156541 27.7092299450895 0.09936322761723182 0.06542661507002676 0.005425213592884463 0.3301764840657535 0.030217740757191466 1.915063255501856 1
3252.1949743192176 5449.751696062958 53.15881559993171 -27.757532386129302 2140 29.794832083781213 0.22385172780425103 0.04836211474060112 0.009971394441329093 27.776728908577777 0.10909860390023847 0.06531262255480719 0.005595145092836057 0.3102748348844957 0.03117854960972229 2.0181031752034357 1
3259.234224852116 5450.151476193457 53.158705119379654 -27.757526830305515 2141 29.41362957298728 0.16997505629613077 0.06870467465790084 0.010756268713994698 27.462621097083645 0.08812151783984923 0.06453691490201485 0.006035580268395164 0.4143713094486796 0.03363270584683016 1.9510084759036346 1
3243.894584482327 5452.377821048049 53.158945875574105 -27.757495915990933 2142 29.46574008772603 0.13644344707405542 0.06548503764554733 0.008229717480089126 27.58118346609653 0.07520202514520154 0.0661372442005409 0.00461778766875551 0.37150505727994676 0.025732644984006715 1.8845566216294998 1
2808.608521656791 5508.572267001318 53.165777651107 -27.756715466422957 2143 28.250570230175843 0.030949463105984218 0.20054416231878924 0.0057168040460586515 26.39516296773616 0.017505823786090294 0.06633246578907562 0.003208014623519809 1.1075744520697757 0.017858527390539745 1.8554072624396838 1
2637.6512930948597 5513.244207979408 53.16846079483358 -27.756650497777425 2144 29.83011826937118 0.14035296138670952 0.046815623184633254 0.006052050615388757 28.09763555955306 0.08903624705064167 0.06600074887170759 0.003395482339388182 0.23087871296763596 0.018933935826214072 1.7324827098181217 1
2656.560939484897 5517.751159840143 53.168164008057616 -27.75658791270999 2145 28.322981101817188 0.030399103454725525 0.18760554730471662 0.0052528695230694335 26.69089941336647 0.02114679585898974 0.06525790100018461 0.002947134469855557 0.8434869178833704 0.016429074018797157 1.632081688450718 1
2637.827007148434 5521.364480004371 53.16845803131079 -27.756537716373863 2146 29.448759586974408 0.0999113254634241 0.06651724935444067 0.0061212365747289835 27.71993052803172 0.06357708508299627 0.06535080473843988 0.003434436895296985 0.32693837928868286 0.019145057711092837 1.7288290589426865 1
2927.053900208762 5538.044297095998 53.16391866569712 -27.756306158301502 2147 29.548876058088954 0.09903482456740095 0.06065794505440392 0.005533065254749873 27.747257145293528 0.05885401003559521 0.06533106907296019 0.003104943744842838 0.31881243951959504 0.017282297609799057 1.8016189127954263 1
