606fw/HST/hst_10086_87_acs_wfc_f606w_j8wc87/hst_10086_87_acs_wfc_f606w_j8wc87_segment-cat.ecsv
# %ECSV 1.0
# ---
# datatype:
# - {name: X-Centroid, unit: pix, datatype: float64, format: 10.3f, description: Pixel Coordinate}
# - {name: Y-Centroid, unit: pix, datatype: float64, format: 10.3f, description: Pixel Coordinate}
# - {name: RA, unit: deg, datatype: float64, format: 13.7f, description: Sky coordinate at epoch of observation}
# - {name: DEC, unit: deg, datatype: float64, format: 13.7f, description: Sky coordinate at epoch of observation}
# - {name: ID, unit: '', datatype: int32, format: 7d, description: Catalog Object Identification Number}
# - {name: CI, unit: mag(AB), datatype: float64, format: 7.3f, description: Concentration Index}
# - {name: Flags, unit: '', datatype: int32, format: 5d, description: Numeric encoding for conditions on detected sources}
# - {name: MagAp1, unit: mag(AB), datatype: float64, format: 7.3f, description: ABMAG of source based on the inner (smaller) aperture}
# - {name: MagErrAp1, unit: mag(AB), datatype: float64, format: 7.3f, description: Error of MagAp1}
# - {name: FluxAp1, unit: electron / s, datatype: float64, format: 10.4f, description: Flux of source based on the inner (smaller) aperture}
# - {name: FluxErrAp1, unit: electron / s, datatype: float64, format: 10.4f, description: Error of FluxAp1}
# - {name: MagAp2, unit: mag(AB), datatype: float64, format: 7.3f, description: ABMAG of source based on the outer (larger) aperture}
# - {name: MagErrAp2, unit: mag(AB), datatype: float64, format: 7.3f, description: Error of MagAp2}
# - {name: FluxAp2, unit: electron / s, datatype: float64, format: 10.4f, description: Flux of source based on the outer (larger) aperture}
# - {name: FluxErrAp2, unit: electron / s, datatype: float64, format: 10.4f, description: Error of FluxAp2}
# - {name: MSkyAp2, unit: electron / (pix s), datatype: float64, format: 7.3f, description: Sky estimate from an annulus outside Aperture
#     2}
# - {name: Bck, unit: electron / s, datatype: float32, format: 10.4f, description: Background at the position of the source centroid}
# - {name: Area, unit: pix2, datatype: float64, format: 8.3f, description: Total unmasked area of the source segment}
# - {name: FWHM, unit: pix, datatype: float64, format: 8.3f, description: Circularized FWHM of 2D Gaussian function having the same second-order
#     central moments as the source}
# - {name: MagSegment, unit: mag(AB), datatype: float64, format: 7.3f, description: Magnitude corresponding to FluxSegment}
# - {name: FluxSegment, unit: electron / s, datatype: float64, format: 10.4f, description: Sum of unmasked data values in the source segment}
# - {name: FluxSegmentErr, unit: electron / s, datatype: float32, format: 10.4f, description: 'Uncertainty of FluxSegment, propagated
#     from the input error array'}
# - {name: KronRadius, unit: pix, datatype: float64, format: 8.4f, description: The unscaled first-moment Kron radius}
# - {name: Xmin, unit: pix, datatype: int64, format: 8.0f, description: Minimum X pixel within the minimal bounding box containing the
#     source segment}
# - {name: Ymin, unit: pix, datatype: int64, format: 8.0f, description: Minimum Y pixel within the minimal bounding box containing the
#     source segment}
# - {name: Xmax, unit: pix, datatype: int64, format: 8.0f, description: Maximum X pixel within the minimal bounding box containing the
[...]
# - h12: [RA and Dec values in this table are in sky coordinates (i.e. coordinates at the epoch of observation]
# - h12.1: [and an undistorted a posteriori solution aligned by visit to GSC242).]
# - h13: [Magnitude values in this table are in the ABMAG system.]
# - h14: ['Column titles in this table ending with Ap1 refer to the inner photometric aperture ']
# - h14.1: ['(radius = 1.000000000000064 pixels, 0.05 arcsec.']
# - h15: ['Column titles in this table ending with Ap2 refer to the outer photometric aperture ']
# - h15.1: ['(radius = 3.000000000000192 pixels, 0.15 arcsec.']
# - h16: [CI = Concentration Index (CI) = MagAp1 - MagAp2.]
# - h17: ['Flag Value Identification:']
# - h17.1: ['    0 - Stellar Source (0.9 < CI < 1.23)']
# - h17.2: ['    1 - Extended Source (CI > 1.23)']
# - h17.3: ['    2 - Questionable Photometry (Single-Pixel Saturation)']
# - h17.4: ['    4 - Questionable Photometry (Multi-Pixel Saturation)']
# - h17.5: ['    8 - Faint Detection Limit']
# - h17.6: ['   16 - Hot pixels (CI < 0.9)']
# - h17.7: ['   32 - False Detection Swarm Around Saturated Source']
# - h17.8: ['   64 - False Detections Near Image Edge']
# - h17.9: ['  128 - Bleeding and Cosmic Rays']
# - h18: ['#=================================================================================================']
# schema: astropy-2.0
X-Centroid Y-Centroid RA DEC ID CI Flags MagAp1 MagErrAp1 FluxAp1 FluxErrAp1 MagAp2 MagErrAp2 FluxAp2 FluxErrAp2 MSkyAp2 Bck Area FWHM MagSegment FluxSegment FluxSegmentErr KronRadius Xmin Ymin Xmax Ymax X2 Y2 XY CXX CYY CXY Elongation Ellipticity Theta
[from data line 1347]
1369.681611141058 2864.139530664547 53.188366422192615 -27.793438485134295 1348 1.2213749535229468 8 30.194397089074474 0.3037183965204684 0.033471816424233414 0.009363550163945519 28.973022135551528 0.30800591201174077 0.10309302009019472 0.0292468082112233 0.06843838566360441 0.06361082 7.0 1.743758310328381 29.012730343489697 0.09939075261354446 0.3153718 3.8998147288304805 1369 2863 1371 2865 0.45851852718254654 0.638179666981255 0.15947048602819872 2.3885188408427225 1.716100022790504 -1.1937022758447944 1.414933486046047 0.29325299749994294 59.6963958265273
4043.724163103805 2865.7209050757474 53.14638356841208 -27.79341786615296 1349 1.553074817890078 1 29.65888605456352 0.10397063215863998 0.05481301545461642 0.005249096313288912 28.105811236673443 0.07768122418350432 0.22914670775350432 0.01639531802147178 0.0653811325193257 0.06361082 15.0 2.668050540460417 28.157439016972074 0.21850556880235672 0.46760303 3.92258715363003 4042 2864 4045 2869 0.7950892913723433 1.7723645936382642 -0.0618097796931323 1.261139447103427 0.5657518057618257 0.08796243353944044 1.4983427082542766 0.3325959445118515 -86.39535530940405
1914.2773219922663 2867.719193482222 53.17981618331987 -27.79339007041912 1350 1.5641959977375137 1 29.77824674317152 0.134415537195701 0.04910654950955448 0.006079656656676848 28.214050745434005 0.09940479949896926 0.2074043297497985 0.01898957890208789 0.06525454048470064 0.06361082 10.0 2.020458017162424 28.63296143601502 0.14101117849349976 0.37564504 3.8999542438556296 1913 2866 1916 2869 0.7452386127980407 0.727122060954592 0.1667316518097534 1.4144142386585623 1.4496549640590946 -0.648660341965622 1.259645440770982 0.2061258131590289 43.44513248703842
2488.896446537668 2869.4351031418432 53.17079458184331 -27.793367042343018 1351 1.7331672469087067 1 28.81400777598213 0.0530002963242769 0.11935345799277869 0.005826442517218758 27.080840529073424 0.03356412729818421 0.5889818407143703 0.018208217258962864 0.06701752137749978 0.06361082 38.0 3.6467884316182375 26.750968431706053 0.7980879321694374 0.8935661 3.9041295193997607 2486 2866 2492 2872 2.074393080320175 2.72223101264707 0.034954522034840556 0.48217303805843986 0.36742525120701786 -0.012382584729303281 1.1464730747082155 0.12775971624583837 86.92048510941913
3978.323121741296 2867.832377307722 53.14741037822687 -27.793388658646357 1352 1.7078092982555049 1 29.89268875019585 0.12993551003252662 0.044193929294978535 0.005289086067315515 28.184879451940343 0.08418592684663104 0.21305235340022133 0.01652022643258139 0.06680977505606575 0.06361082 17.0 2.7708740174148945 28.08789432517509 0.23295947909355164 0.48283136 3.929111770457304 3976 2866 3981 2870 1.5685316788026205 1.2006286942449345 -0.5422718803954831 0.7555089814275688 0.9870160330744919 0.6824612438103611 1.5525705372349885 0.355906880868083 -35.630922105846004
1945.0786420363074 2870.2869703983206 53.179332592968876 -27.793354464811788 1353 2.1238540564978976 1 30.187016228549293 0.20778689093206587 0.033700133802036236 0.0064497062049550784 28.063162172051396 0.09178454430400174 0.23832700084983016 0.020148047497781242 0.06666499444488752 0.06361082 29.0 5.074455136904303 27.41316697995965 0.4336819276213646 0.6587611 3.9527767466695622 1942 2867 1950 2874 5.253951230212161 4.0334323365985565 3.8708969536203672 0.6497557067248463 0.8463721490276109 -1.24714495043678 3.436632425534609 0.7090174693779077 40.52043703106057
2365.916975498588 2873.0422012117783 53.172725371661194 -27.79331682097042 1354 2.104389226346001 1 29.4071591886112 0.09053135164279183 0.06911533878542706 0.005763198894256411 27.3027699622652 0.040756849601903365 0.48009825969258313 0.01802274345070107 0.06632146589743551 0.06361082 45.0 5.1050433627356995 26.721354026139135 0.8201560750603676 0.90586823 3.9275794665974746 2361 2869 2369 2878 4.602501117584894 4.797186447456696 -2.280632025063097 0.2842309995861706 0.2726959870282236 0.27025271053018335 1.699638724349825 0.41163967043494065 -46.22201666401498
4242.036349752332 2872.3223399110384 53.14327005559011 -27.79332577385218 1355 1.4332692467780603 9 30.539809283997375 0.27254652343300356 0.024350865561799384 0.0061128707299004095 29.106540037219315 0.22753861593390065 0.09116373325678162 0.01910589452760007 0.06763608246734462 0.06361082 10.0 2.762939871550405 28.764776713676557 0.12488993257284164 0.35353637 3.9290626491928538 4240 2871 4244 2874 1.971184538852977 0.7821400608504091 0.9760594356587434 1.3277982603849128 3.3463768608666187 -3.3140100745915686 3.282792836638249 0.6953813262782516 29.327107986623787
861.3339716498439 2875.5524655396757 53.19634750364869 -27.793278281133695 1356 1.427069273689824 1 28.639798908127343 0.046171729207593194 0.1401259446411932 0.005959157383191828 27.21272963443752 0.03874726268849695 0.5216104251576903 0.018615617725562868 0.06544918673018277 0.06361082 28.0 3.024068173684261 27.090798171620403 0.5836047902703285 0.7641199 3.8930762924396225 859 2873 864 2878 1.5741690145159137 1.7241883097187691 0.29617045529837716 0.6564718011035239 0.5993530766770931 -0.22552937069279766 1.2061347726731628 0.17090525648000787 52.10609054423925
5003.700360298517 2877.0373213775256 53.131311853186126 -27.793258081014244 1357 2.025779492010045 1 29.93175946465784 0.14580103995510144 0.04263186487859008 0.005725126862414846 27.905979972647796 0.07048305832609256 0.2754521252662603 0.017882203381401836 0.06582879536860697 0.06361082 31.0 4.308316846855854 27.46646012109969 0.41290873289108276 0.6428162 3.951029827171956 5001 2873 5006 2881 1.502081415459158 5.192598507319779 1.1015424212213598 0.7883926659096875 0.22806114701105543 -0.33449455599353844 2.141685507938262 0.533078037698135 74.5822798020218
2094.521260608158 2875.2700174578968 53.1769863150528 -27.793285513135384 1358 1.9045085903931422 1 30.270353102499843 0.2074052770456516 0.031210223276903565 0.005962204112925143 28.3658445121067 0.11214134571588798 0.180343424344795 0.018627571425842076 0.06589876984556517 0.06361082 12.0 2.7713124219855083 28.601248621431555 0.14519065618515015 0.38119325 3.935963511760382 2092 2874 2097 2877 1.9402413016828366 0.829795407565157 0.6948117805641382 0.7361302587420275 1.7212319065740365 -1.2327664654218422 2.1422125353170194 0.5331929098939695 25.68585303613179
2710.494253982589 2877.921305244806 53.16731546148476 -27.793249331928237 1359 1.9988272721867943 1 30.27560966837949 0.21305092644447168 0.031059484919540026 0.0060949175987806015 28.276782396192697 0.10566543852777542 0.1957605417097239 0.019052338110152753 0.06577038728985293 0.06361082 12.0 3.029690742771545 28.55255744835271 0.1518501192331314 0.38983038 3.960531924122017 2708 2876 2712 2880 1.827509296301578 1.4831245251548189 -1.1976894633676485 1.1623562654730162 1.4322579424304114 1.8773094615114385 2.5366125001504654 0.6057734478795312 -40.9093103111832
1938.7453281385935 2877.575896057451 53.17943201146637 -27.793253217957464 1360 1.815821015678921 1 30.175809527575478 0.228292426591504 0.03404977963535513 0.00715971890748936 28.359988511896557 0.13410397429831797 0.18131874809946247 0.022396209574406835 0.06513017107520186 0.06361082 7.0 1.869546462730907 29.147456255233177 0.08779213577508926 0.29641315 4.006658939193175 1937 2877 1940 2878 1.0163885724158688 0.24423978846345967 -0.11012962084364242 1.0344146981809401 4.304651936461248 0.9328512706503681 2.1233911125506797 0.5290552013289862 -7.960529885008339
1657.4967472089263 2880.69620584728 53.18384763893761 -27.793209285436426 1361 1.8818228026912323 1 30.186281694557064 0.18283517092913298 0.033722940694710546 0.005679045432578444 28.30445889186583 0.1010111460478029 0.1908334755115746 0.017754727885888805 0.06869073547293983 0.06361082 30.0 3.8671537686335284 27.572539399362892 0.37447459250688553 0.6121835 3.9446898379571116 1654 2878 1661 2883 3.9033272903355094 1.4905048890637844 0.5200171837682857 0.26867995630362135 0.7036178233972888 -0.18747767315242414 1.7027998247213914 0.41273191042075785 11.659101629029813
4247.707889516797 2878.941656884878 53.143181028388646 -27.793233826270324 1362 1.2515251235191585 1 29.989437833922725 0.178824174154226 0.04042620584479975 0.0066585455230589105 28.737912710403567 0.17640438232402328 0.12801858790346077 0.02080044204209604 0.06639930224519666 0.06361082 7.0 1.6619737281691098 28.99396005366663 0.10112396627664566 0.31810784 3.9730168923581055 4247 2878 4249 2880 0.4612009422909202 0.535036491327787 0.013504884253405909 2.169856050430437 1.8704138340371164 -0.1095389016733919 1.0822931636168478 0.07603592666319481 79.95349218213464
3326.794696798697 2881.1346781088996 53.157639473605386 -27.793204670469514 1363 1.7307422046039846 1 30.319030424826007 0.18800986955159005 0.02984186399106442 0.005167693613462572 28.588288220222022 0.11926663000002231 0.1469341782696134 0.016141055792612418 0.06556290221979488 0.06361082 6.0 1.852864047859626 29.268566784884907 0.07852562516927719 0.28032914 3.908084089948018 3326 2880 3328 2882 0.7904408724434112 0.44779008201181447 0.1904386296331677 1.4095424358999114 2.488130035781679 -1.1989159237139784 1.5529156941197857 0.3560500394280489 24.012160334153144
4956.504347443415 2882.7071810084653 53.13205285841566 -27.79317949964942 1364 1.708445740825134 1 29.75325990560763 0.10184134110226527 0.050249778803857725 0.004713553342062313 28.044814164782498 0.06601491004454069 0.2423887453447806 0.014738206889329253 0.06529643898829818 0.06361082 16.0 2.5860829844778173 28.17624650513844 0.2147531360387802 0.46358383 3.939312809131277 4955 2881 4959 2884 1.353936580226691 1.058186483306174 0.30383588934273315 0.789455075125491 1.0100980512607314 -0.45335068748460994 1.3335888004332406 0.2501436727159587 32.024049780253954
4172.4383175217645 2886.663199536468 53.144362787626775 -27.793126745590094 1365 2.0927824565224853 1 29.713203702104654 0.12038160653509988 0.05213827228306972 0.00578105275803666 27.62042124558217 0.054719177653353504 0.35831881928436404 0.018059234713973457 0.06580150347139876 0.06361082 37.0 3.951604632381156 27.19921860839744 0.5281419605016708 0.72698325 3.9379523734669006 4170 2883 4176 2890 2.3257670211658032 3.306218366858786 0.7508756405718217 0.4639864038771881 0.326392317949691 -0.21075201306736926 1.3908492918759476 0.28101484047116165 61.56969720593908
2183.566834913746 2885.360352310655 53.17558827225048 -27.793145504073518 1366 1.6885704832611026 1 30.08431215192429 0.16954631165637374 0.03704360595617065 0.00578484550089418 28.395741668663188 0.1118578661326466 0.17544518314415347 0.01807582555932245 0.06561441633074763 0.06361082 7.0 1.8453633426812739 29.12798396497939 0.08938086032867432 0.29908106 3.9978266979780694 2183 2884 2184 2887 0.24553309430459866 0.9826930177026836 0.1172112427675745 4.318672051200043 1.0790520466878444 -1.0302239033103602 2.098209006655184 0.5234030562121507 81.17946929822044
3867.5202141442232 2891.8047545536588 53.1491500413454 -27.793055892404425 1367 1.6085275472665828 1 28.449438133988902 0.045411904885293064 0.16697938724305256 0.0069842977353652205 26.84091058672232 0.03225697371743104 0.7346388338433951 0.021826679151782796 0.06892306314245478 0.06361082 90.0 5.92681778343703 25.937392841932404 1.6884219124913216 1.2997323 3.884197617119535 3863 2884 3875 2896 5.808145236709445 6.861302906211887 0.7051725675668967 0.174347520411757 0.14758650566131667 -0.0358372426631601 1.1500840254177556 0.13049831325431993 63.375039198274706
4262.189450616074 2887.520129799179 53.14295368810872 -27.793114648314017 1368 2.2158088434367826 1 30.652536605106487 0.35171200708471406 0.021949441520037694 0.007110511311965564 28.436727761669705 0.14278122809147184 0.16894564916903665 0.022218170092167266 0.06637288975837694 0.06361082 14.0 3.3908168883773055 28.266184305815838 0.1976807564496994 0.44476733 3.9610762836190196 4261 2885 4264 2891 0.9601269004276206 3.1867698528768544 1.0805190691560334 1.6841772349698092 0.507417837821754 -1.1420878834915236 2.635206979501099 0.6205231665752033 67.92831267921589
1064.0110938629593 2887.523073951343 53.193165402554754 -27.79311275188757 1369 0.9427334151343629 0 29.478949131434238 0.09773280300246832 0.06469317472309108 0.005823565718721675 28.536215716299875 0.12814339971857475 0.15415294642198285 0.01819442077106768 0.06630259617960371 0.06361082 10.0 1.9647245511772198 28.47863276811032 0.16254926472902298 0.40329552 3.9441646354000204 1063 2886 1065 2889 0.5523012258623615 0.839950906967562 -0.2212309374959126 2.0241595909472228 1.3309656720977632 1.066268802692991 1.490273647929946 0.32898229705058346 -61.5141849938648
5082.294967235584 2891.4361486525995 53.13007796921339 -27.79305781100376 1370 1.9821794602234064 1 29.270844001553566 0.09027789986182076 0.07836109858819065 0.006515865719265856 27.28866454133016 0.0454849445055027 0.48637618292891616 0.02037652545760337 0.06555095063165506 0.06361082 65.0 5.560869193558799 26.388459070368473 1.1144343465566635 1.0559695 3.914652578026355 5079 2886 5087 2897 2.800012259794931 8.353198434537886 0.8308790726836313 0.36800341753355315 0.1233556330327242 -0.07320940372742421 1.7788183872497372 0.43782906272623046 81.67024918512638
1103.9844738392098 2889.5259797615354 53.192537809109965 -27.793085068961812 1371 1.7669789462220962 1 29.712572059000774 0.11488224238789839 0.05216861331933195 0.005520168813108628 27.945593112778678 0.07050342649985647 0.26558336639692004 0.01724651133126066 0.06525560881511694 0.06361082 21.0 3.325653701592481 27.81929838352482 0.29834499955177307 0.5463981 3.950478776958608 1102 2887 1106 2893 1.044430863696124 2.944611021312046 -0.6466792426569627 1.1081428486249192 0.39304973869598164 0.4867284493047823 1.9285912419446634 0.48148680847909153 -72.87941064456933
1917.7327785567823 2888.360655405662 53.179761887777055 -27.793103390046575 1372 1.4407163427352927 1 29.87892023050988 0.14198423222236983 0.044757933264214234 0.005853293534475015 28.438203887774588 0.11771114107428143 0.16871611308884904 0.018292130597131737 0.06480301868119467 0.06361082 8.0 1.9307771343571885 28.80196825501171 0.12068431079387665 0.34750932 3.87992865234035 1917 2887 1919 2890 0.4017806731057677 0.9427751611778855 0.20283676403615314 2.7921992887418683 1.1899461885212732 -1.2014755831387174 1.7388131800796136 0.42489508852571856 71.56750291492983
3027.422892416203 2890.4219738689058 53.16233964520498 -27.793075779630986 1373 1.9771954701523313 1 30.035354895148412 0.16529576545867186 0.03875218176883574 0.005899946162543328 28.05815942499608 0.08353192715343807 0.23942767408615384 0.018421161490542244 0.06615125973487779 0.06361082 24.0 4.013013270584651 27.717137038985943 0.3277806416153908 0.5727267 3.9267302619799667 3025 2887 3031 2893 2.915947922626747 2.8924416811796902 2.180913887621415 0.786454637066344 0.7928459820349656 -1.1859805859682566 2.6515967484665643 0.6228687485839215 44.84561570760374
5002.409588239333 2894.9754563927227 53.131332190865855 -27.793008944899178 1374 1.9542326407472643 1 29.120381865664445 0.07280207770627627 0.09000888261647799 0.0060355841084092565 27.16614922491718 0.0376010685969115 0.5444756056160389 0.018856833928445803 0.06682724645044527 0.06361082 45.0 4.325921098283726 26.643897074746857 0.8808040171861649 0.93874663 3.9037963828212203 4998 2892 5006 2899 4.727451243693529 2.0220508366073946 -0.6136954315456467 0.22020641507197578 0.5148313147991497 0.13366594793774206 1.6038690909107987 0.3765077177014964 -12.201464907266717
