606fw/HST/hst_10086_87_acs_wfc_f606w_j8wc87/hst_10086_87_acs_wfc_f606w_j8wc87_point-cat.ecsv
# %ECSV 1.0
# ---
# datatype:
# - {name: X-Center, unit: pix, datatype: float64, format: 10.3f, description: Pixel Coordinate}
# - {name: Y-Center, unit: pix, datatype: float64, format: 10.3f, description: Pixel Coordinate}
# - {name: RA, unit: deg, datatype: float64, format: 13.7f, description: Sky coordinate at epoch of observation}
# - {name: DEC, unit: deg, datatype: float64, format: 13.7f, description: Sky coordinate at epoch of observation}
# - {name: ID, unit: '', datatype: int64, format: 7d, description: Catalog Object Identification Number}
# - {name: MagAp1, unit: mag(AB), datatype: float64, format: 7.3f, description: ABMAG of source based on the inner (smaller) aperture}
# - {name: MagErrAp1, unit: mag(AB), datatype: float64, format: 7.3f, description: Error of MagAp1}
# - {name: FluxAp1, unit: electron / s, datatype: float64, format: 10.4f, description: Flux of source based on the outer (smaller) aperture}
# - {name: FluxErrAp1, unit: electron / s, datatype: float64, format: 10.4f, description: Flux of source based on the outer (smaller)
#     aperture}
# - {name: MagAp2, unit: mag(AB), datatype: float64, format: 7.3f, description: ABMAG of source based on the outer (larger) aperture}
# - {name: MagErrAp2, unit: mag(AB), datatype: float64, format: 7.3f, description: Error of MagAp2}
# - {name: MSkyAp2, unit: electron / (pix s), datatype: float64, format: 7.3f, description: Sky estimate from an annulus outside Aperture
#     2}
# - {name: StdevAp2, unit: electron / (pix s), datatype: float64, format: 7.3f, description: Standard deviation of sky estimate from annulus
#     outside Aperture 2}
# - {name: FluxAp2, unit: electron / s, datatype: float64, format: 10.4f, description: Flux of source based on the outer (larger) aperture}
# - {name: FluxErrAp2, unit: electron / s, datatype: float64, format: 10.4f, description: Flux of source based on the outer (larger) aperture}
# - {name: CI, unit: mag(AB), datatype: float64, format: 7.3f, description: Concentration Index}
# - {name: Flags, unit: '', datatype: int64, format: 5d, description: Numeric encoding for conditions on detected sources}
# meta: !!omap
# - h00: [' #==================================================================================================']
# - h01: [' # All refereed publications based on data obtained from the HAP must carry the following footnote: ']
# - h02: [' #                                                                                                  ']
# - h03: [' #     Based on observations made with the NASA/ESA Hubble Space Telescope                          ']
# - h04: [' #     and obtained from the Hubble Advanced Products collection generated                          ']
# - h05: [' #     by the Space Telescope Science Institute (STScI/NASA).                                       ']
# - h06: [' #                                                                                                  ']
# - h07: [' # One copy of each paper resulting from data obtained from the HAP should be sent to the STScI.    ']
# - h08: [' #==================================================================================================']
# - {WCSNAME: IDC_4bb1536oj-FIT_SVM_GSC242}
# - {WCSTYPE: undistorted a posteriori solution aligned by visit to GSC242}
# - {Proposal ID: 10086}
[...]
# - h10.4: ['the selected aperture. For details, see Whitmore et al., 2016 AJ, 151, 134W.']
# - h10.5: [' ']
# - h11: ['The X and Y coordinates in this table are 0-indexed (i.e. the origin is (0,0)).']
# - h12: [RA and Dec values in this table are in sky coordinates (i.e. coordinates at the epoch of observation]
# - h12.1: [and an undistorted a posteriori solution aligned by visit to GSC242).]
# - h13: [Magnitude values in this table are in the ABMAG system.]
# - h14: ['Column titles in this table ending with Ap1 refer to the inner photometric aperture ']
# - h14.1: ['(radius = 1.000000000000064 pixels, 0.05 arcsec.']
# - h15: ['Column titles in this table ending with Ap2 refer to the outer photometric aperture ']
# - h15.1: ['(radius = 3.000000000000192 pixels, 0.15 arcsec.']
# - h16: [CI = Concentration Index (CI) = MagAp1 - MagAp2.]
# - h17: ['Flag Value Identification:']
# - h17.1: ['    0 - Stellar Source (0.9 < CI < 1.23)']
# - h17.2: ['    1 - Extended Source (CI > 1.23)']
# - h17.3: ['    2 - Questionable Photometry (Single-Pixel Saturation)']
# - h17.4: ['    4 - Questionable Photometry (Multi-Pixel Saturation)']
# - h17.5: ['    8 - Faint Detection Limit']
# - h17.6: ['   16 - Hot pixels (CI < 0.9)']
# - h17.7: ['   32 - False Detection Swarm Around Saturated Source']
# - h17.8: ['   64 - False Detections Near Image Edge']
# - h17.9: ['  128 - Bleeding and Cosmic Rays']
# - h18: ['#=================================================================================================']
# schema: astropy-2.0
X-Center Y-Center RA DEC ID MagAp1 MagErrAp1 FluxAp1 FluxErrAp1 MagAp2 MagErrAp2 MSkyAp2 StdevAp2 FluxAp2 FluxErrAp2 CI Flags
[from data line 969]
1408.588684060155 2795.046919855551 53.18775934319893 -27.794401126097974 970 28.95911267815934 0.460488712794621 0.10442224965495867 0.04428964477363034 27.161109187562783 0.2760241152760117 0.08822006944280406 0.02483810676818817 0.5470089618259157 0.13906941580183108 1.7980034905965567 9
1395.1616397826683 2795.405132315098 53.18797015043958 -27.79439611310124 971 28.29098880539625 0.13590383040520043 0.1932157808616725 0.024186022578827585 26.977461223896523 0.1266240112940168 0.07866450133970229 0.01357334567280505 0.6478189189793375 0.07555441660985297 1.3135275814997271 1
3389.545303146744 2796.2766102267833 53.156657761665734 -27.79438612177366 972 28.298806323493704 0.04272790160311306 0.19182958497986857 0.007549484785470975 26.588984942724483 0.027688973561054438 0.06822797428034377 0.004235495166774775 0.9264972604903199 0.023628772358944304 1.7098213807692204 1
3635.440262871673 2795.8433361958373 53.1527971407686 -27.794391911121032 973 28.14026157268589 0.026679495507445045 0.22199003901862524 0.005455081743294613 27.41354100657139 0.042692629372924215 0.06633235248800826 0.003060953173101365 0.4335325537267325 0.01704766016151123 0.7267205661145013 16
4487.809073069236 2797.5547931075093 53.13941471498588 -27.794366518688538 974 28.131477575498703 0.02751190023385215 0.22379330313012075 0.005670976355088987 26.63437961004757 0.021648633292158784 0.0673177319825912 0.0031822361817951386 0.8885590050915901 0.017717682656049814 1.4970979654511325 1
1391.0731545887063 2799.5362432595393 53.18803432756487 -27.794338724985106 975 29.827763100957743 0.6510919157077433 0.04691728540151108 0.028136193452958258 28.339341705723076 0.5165837307028811 0.08160755119911611 0.015789373524877564 0.1847997733827631 0.0879290378254718 1.488421395234667 9
1860.3951655973906 2798.7740603896605 53.180665845082856 -27.794350446491173 976 29.836123240399846 0.15002245816702264 0.04655741086171794 0.00643332156522701 28.59771923456778 0.14983099464883826 0.06594977126084903 0.0036100353829153823 0.14566339327958078 0.02010213788247627 1.2384040058320664 0
1398.4798753409293 2800.085121912236 53.18791803827336 -27.79433112262931 977 29.469433675572386 0.6259677580295233 0.06526264127985709 0.03762762203650839 28.169118914900036 0.5905212787416577 0.09162369845975382 0.021116161708827783 0.21616757502025097 0.11757534569719241 1.3003147606723502 9
5309.615254102162 2800.132658003593 53.12651214319791 -27.794327930148288 978 28.96385738750048 0.078294113474277 0.10396691600988564 0.007497464787370925 26.979609592435136 0.039457557546725135 0.06867307471111417 0.004205537902688019 0.646538333750621 0.023497120300385838 1.9842477950653432 1
1384.9601287489133 2803.106344364669 53.18813029225233 -27.794289122881636 979 31.314789963143507 1.8306142063468405 0.011926750422049714 0.02010986345966416 28.970678575628778 0.6606843734967133 0.08283111097284668 0.011284518594931897 0.10331578654903106 0.06287107461404323 2.3441113875147295 9
4381.476547057884 2801.190248094546 53.141084175337646 -27.794316299020608 980 28.862721742856277 0.05026037542108579 0.11411675652612369 0.005282813875692749 27.237442875732714 0.0351779762666112 0.06577817537539513 0.0029639947394072145 0.5098717690622321 0.016520454076712043 1.625278867123562 1
1433.8392120130793 2802.61375771245 53.187362879170536 -27.794296101402008 981 25.96716149115704 0.027795961224536515 1.6427577326513447 0.04205768650463691 24.45087960824416 0.02161920207570125 0.11073218080706485 0.023583071369648934 6.638749371425831 0.13219532485105434 1.5162818829128781 1
1380.34881302868 2804.839422735526 53.18820268554303 -27.794265039203733 982 29.115670207418336 0.21414760211977166 0.09040033370471096 0.017830906045584436 27.768260394704907 0.19336955598589212 0.0831432993448264 0.010006947891746127 0.3127043759276691 0.05569448865062067 1.3474098127134297 1
4904.868764470338 2806.85533891687 53.13286679811853 -27.79423608094702 983 28.709701489232092 0.049186438528646174 0.13138855033593094 0.005952413055601179 27.104874755344706 0.03503440690317764 0.06613682077488917 0.003340371294271566 0.5760871849586262 0.018589732752644993 1.6048267338873856 1
2277.7769207412935 2807.883179177823 53.174112822990274 -27.79422461251066 984 29.457168731211436 0.10233913281079779 0.06600405600431045 0.006221606201967819 27.750581800395164 0.06638956202666917 0.06621932559094187 0.003491339270263178 0.31783769057055133 0.019435484086346964 1.7065869308162718 1
3320.9056952269816 2808.7521155259933 53.15773543121366 -27.794212895451995 985 29.38194170309762 0.0832114309841605 0.0707394103408148 0.005421688828806226 27.98239549433342 0.07161434946800888 0.06483801602813843 0.003042430608848347 0.25673194963399304 0.016934412416590244 1.3995462087641997 1
1380.8649436574772 2809.326543308771 53.18819456767999 -27.79420271956425 986 -9999.0 -9999.0 -0.02421585569200424 0.01722760180963052 -9999.0 -9999.0 0.09169478511037274 0.009667838735638479 -0.20920857286104644 0.05383119641551349 -9999.0 24
1385.8008005317117 2809.3278494448223 53.18811707347101 -27.79420271549015 987 31.75584696047323 3.7507967488007687 0.007945099353203589 0.027448146654596214 29.147401493369767 1.0611755364193125 0.08550944950135109 0.015402403733827716 0.08779656390613244 0.08581336078001524 2.608445467103465 9
2356.721474251921 2811.225145896842 53.17287336881151 -27.794178290449768 988 28.94802675792138 0.06983075965775189 0.10549391588482498 0.0067852263843679725 27.235818210035855 0.04505511669187519 0.06492951401957758 0.003807806749965184 0.5106352982275109 0.02119069075124895 1.712208547885524 1
4675.252200227692 2812.341258569532 53.13647185592385 -27.7941606214535 989 28.16943961973386 0.030839821120342774 0.21610373285658907 0.00613852856657967 26.389987486885037 0.018715234380164772 0.06689543024419922 0.0034445250541467313 1.1128666346990235 0.019183531272227532 1.7794521328488244 1
1743.9457753523357 2812.838073458454 53.18249409753803 -27.794154867673797 990 29.696530231831833 0.11926957768855834 0.05294513059432071 0.005816287525697891 28.308091621736292 0.10368935724246917 0.06678569168855847 0.003263966748804785 0.1901960389035029 0.018164598898376967 1.388438610095541 1
4220.382658662961 2814.3294898409863 53.143613425483274 -27.79413418456448 991 30.01014847851305 0.19130556360470297 0.039662375804765865 0.006988701443522398 29.013047915998452 0.23864497710191981 0.06754216870726787 0.003921659021540491 0.09936168555762159 0.021840441350931897 0.9971005625145963 8
1362.575536474598 2819.237592585348 53.18848168367136 -27.79406501361616 992 30.349198020510183 0.6284629685982746 0.029024109803655107 0.016800753622664984 29.935476845235097 1.341530067883874 0.08269775768188894 0.009428293616963561 0.0424861500424476 0.05249741894682618 0.4137211752750858 8
1760.5875931879348 2818.9505888365798 53.18223280180926 -27.79407000816332 993 27.969446278847588 0.026485112497736607 0.2598122386979399 0.006337990577695251 26.179544882960908 0.015942788798965265 0.0669606418690224 0.0035557272245874696 1.3508905493293974 0.019836937200402274 1.7899013958866803 1
891.4292444639352 2826.715757517226 53.19587875860946 -27.793959593198807 994 29.603717687396536 0.12149431769077136 0.057670144772605125 0.006453527576932545 28.085818419235796 0.09386307082448785 0.066431007348001 0.0036210421978604248 0.23340531904765993 0.020178815503898575 1.5178992681607397 1
1405.212616275857 2825.8390487521037 53.18781225057686 -27.793973448201847 995 26.122555553675408 0.05272621350159528 1.4236915098296838 0.0691405199481334 24.64500951355866 0.04229498069747656 0.1086453969018501 0.03879509978363873 5.551806374238167 0.2162784778801976 1.4775460401167493 1
2384.7049601162475 2826.070370162127 53.172434003018815 -27.793972137498248 996 27.827711839366028 0.023321936876134795 0.2960420349727866 0.006359283091386034 26.266535708923254 0.01729317027620366 0.06596095626703416 0.0035687375621045662 1.2468776289200325 0.019860428433732338 1.5611761304427745 1
5266.960476546792 2826.8296851909995 53.127181956653025 -27.793957312211717 997 28.768888041098247 0.06738650829182907 0.12441790956275922 0.007722288380218212 26.76731692725583 0.03333696378328627 0.06625589949303659 0.004333197404736131 0.7861607288927386 0.024139460022970582 2.0015711138424166 1
1367.1260969157713 2826.7692360418846 53.188410214302564 -27.793960420585346 998 30.013185215800657 0.3442377109140135 0.039551597574846775 0.012540436043250898 28.025342860198595 0.17237457852343796 0.08387753372492435 0.0070375414584576005 0.24677489314346834 0.03917999281180049 1.9878423556020621 1
4013.4223847954186 2827.4904836397977 53.146862779552656 -27.79395180716958 999 29.45568061082631 0.10168182806504934 0.06609458381720346 0.006190124442969397 28.04930500367035 0.08695076605397818 0.06788144371023885 0.003473793224447646 0.24138824383753232 0.01933212924205389 1.406375607155958 1
3649.1220391132947 2829.7276820852217 53.152582377860355 -27.793921279357686 1000 27.446605582989495 0.017255654228282426 0.4205289350889573 0.006683708111709377 25.813179299352914 0.011979139822002164 0.06728372911680236 0.003750491706121367 1.8930687956522247 0.020887294644733573 1.633426283636581 1
3810.7914808142477 2829.3699990545256 53.150044132262906 -27.793926034656646 1001 29.56083438162724 0.12947049728548035 0.059993522749986455 0.007154270262824468 27.590708855895496 0.06595975721126911 0.06695879159904108 0.00401420639384959 0.36826002155774296 0.022372977445487198 1.9701255257317456 1
1376.6429190649535 2832.2345699683797 53.18826078043576 -27.793884540492257 1002 28.937334645654037 0.3480731772497844 0.10653793098707465 0.03415584059711645 26.851195670924678 0.15916736216587057 0.07412502788812728 0.019168861824557872 0.7277125223256968 0.10668516403578646 2.0861389747293586 1
5687.9948779075585 2831.2112666791436 53.12057165007129 -27.793894597744487 1003 29.47043098731319 0.10323798643674525 0.06520272127897286 0.006200053104022733 27.792491832445858 0.06889485152383366 0.06697509872637611 0.003478329567819339 0.3058027479169694 0.019405208541328118 1.6779391548673317 1
1396.8457659883397 2833.7213197459623 53.18794358679434 -27.79386394864473 1004 29.442828527215628 1.138246168575033 0.06688160794514397 0.07011857234198912 26.834405502052537 0.3219526497951831 0.0849576643652113 0.03934831376527563 0.7390535641929001 0.21915838015333758 2.6084230251630913 9
1372.9766861945307 2831.8522924358663 53.18831834229245 -27.79388983939821 1005 31.247955938761475 1.960732961230618 0.01268398562321621 0.022906796252385835 28.680881064967377 0.5760436729648503 0.08500287845118404 0.012854732203818432 0.13492290726359624 0.07158652212141277 2.5670748737940983 9
2584.343370017102 2833.6734193855777 53.16929962933501 -27.793866718399695 1006 28.11065183113534 0.031215493074341592 0.22812736499418912 0.006559001733484302 26.53853982849977 0.022929259219605248 0.0668568651714962 0.003680504110247602 0.9705595453848415 0.020497569682408814 1.5721120026355706 1
5696.284431130654 2833.2330808320858 53.120441513372164 -27.7938664772377 1007 29.659733282581737 0.1207941022832232 0.054770260125890396 0.006093694762573036 27.935014359940293 0.07721131782875168 0.06670774100514068 0.00341865098608723 0.2681836965400992 0.01907231890029206 1.7247189226414434 1
3975.7117396826757 2834.543641972599 53.14745485889786 -27.793853913921527 1008 29.294554310452146 0.09096208943749494 0.07666839865924155 0.006423429801852672 27.828579019514958 0.07368731748410443 0.06577686138476702 0.0036043524173711024 0.2958056798802804 0.020076565392778464 1.4659752909371875 1
4282.926632854552 2834.1015177566046 53.142631521091204 -27.793859432960904 1009 29.43412169353596 0.08294079299482714 0.06742010727195971 0.005150480944029335 28.011355889651167 0.06987100933853141 0.06562170705984574 0.0028902064090804 0.24997453014278914 0.01608729182094669 1.4227658038847935 1
613.2126010775278 2836.058353211969 53.20024677544252 -27.793828730520605 1010 26.61748409791404 0.010353177417395809 0.9024943203289058 0.008606137806536985 24.97036514545071 0.007108048261600823 0.06753583443334518 0.00482837164413613 4.114263079136745 0.026935968064314624 1.6471189524633303 1
1372.5407008279017 2835.8708304195857 53.188325174321704 -27.793834025125538 1011 30.25433703054028 0.6315984983581138 0.03167402858968085 0.018426148009758118 28.179246179151132 0.2920427698522872 0.07798711076430384 0.010339697310638789 0.21416063453278023 0.0576071335564857 2.075090851389149 9
1672.6417007183738 2838.7895816611326 53.18361352063357 -27.793794267995583 1012 29.11045963126409 0.06507017304897132 0.09083521826912544 0.005444103685836855 27.429776522251277 0.04323719572624619 0.06531325142298425 0.0030549024734276716 0.4270979704696487 0.01700885930135278 1.6806831090128114 1
3427.949742281381 2838.068739881617 53.156054837896825 -27.793805646940616 1013 29.358907294592345 0.08327968235650363 0.07225621343672481 0.005542483654134817 27.60998647785109 0.051972885028616404 0.06639975367857734 0.0031100628661046713 0.36177914284568646 0.01731850953013747 1.7489208167412542 1
3621.3958666392446 2840.2840289858837 53.15301769812267 -27.793774695218552 1014 29.18014350603742 0.07732094548210035 0.08518844957670618 0.00606691670390085 27.450300735639583 0.049109635928756924 0.0660269474515329 0.003404396441388067 0.4191001558642147 0.018957222135190993 1.7298427703978376 1
2068.806635159735 2842.120438631105 53.17739364733694 -27.793748792446703 1015 29.57935576261347 0.11718461939950271 0.058978783640659144 0.006365852734250952 27.65341791173258 0.062097759817426 0.06571120437648562 0.0035724249231812084 0.3475929440421721 0.01988094607475619 1.9259378508808922 1
4410.987537106649 2841.795848657895 53.14062096061277 -27.793752258701613 1016 29.260456154564704 0.0753756965423551 0.07911442113462974 0.005492589665255536 27.629340952048427 0.0524383264559164 0.06619065260029819 0.0030820040324656297 0.3553871623923306 0.017164877995552 1.631115202516277 1
1366.1579462555721 2842.9523332660583 53.188425361791566 -27.79373565258089 1017 28.610222728190738 0.09028628615197033 0.14399553486300803 0.011974598936398233 27.300539827078932 0.08474576802702051 0.07662623942787969 0.006716543776973679 0.4810854095906363 0.037551766162247584 1.309682901111806 1
2425.518074371936 2843.3279054894297 53.17179320852319 -27.79373249181687 1018 29.646978162553186 0.11412842826206625 0.05541749000009452 0.0058254683908442115 27.86214535883978 0.06892592266029461 0.06721983191995687 0.003268767089809205 0.2868005455238001 0.018207600828685406 1.7848328037134067 1
2168.1429956400343 2847.015752138294 53.17583403954239 -27.793680955481932 1019 28.83795545577576 0.05945667607622801 0.11674974328580551 0.006393618558097921 27.025425124692003 0.03498954393499768 0.06682300215371612 0.003587817519159461 0.6198235409080675 0.019975447192178922 1.8125303310837566 1
1365.2402823358264 2847.312821977942 53.18843975508128 -27.793675087599826 1020 31.04862424930565 0.6086588497902934 0.01524012106154965 0.008543828457205152 29.066383502972 0.3075490765427649 0.07670719729045802 0.004792021887524903 0.09459860136198284 0.026797193046988084 1.9822407463336518 9
1348.4408615921059 2848.4804983407853 53.18870350512273 -27.793658821208872 1021 29.82016080307407 0.26778048107259683 0.047246951877537635 0.01165313760981934 27.959998624346444 0.1512688890017773 0.07387441497691821 0.006536921972679307 0.26208288865687557 0.036515600436126054 1.8601621787276272 1
1351.570266815846 2848.1185378103696 53.188654374102256 -27.793663857541304 1022 30.263433951343774 0.3135026520152199 0.031409754074729956 0.00906976255095671 27.902504609657154 0.11210418429730311 0.0748291836086526 0.005084893021276011 0.2763352402176418 0.02853305397181361 2.360929341686621 1
